entry,label,EN,ES,FR,IT,DE,TRANSLATION
0,001,"Say,{{TAG:0007:0000:1E000000}} {{TAG:0011:0001:0000}} and {{TAG:0011:0001:0100}}{{TAG:0007:0000:08000000}}
get along pretty well, don't you
think? Like, REALLY well!
{{TAG:0003:0001:}}It's so great to see a friendship
between two guys like that!{{TAG:0000:0004:}}{{TAG:0003:001B:}}Seeing their ugly faces is the only
thing that ruins an otherwise great
picture though.{{TAG:0007:0000:14000000}} {{TAG:0003:0002:}}GAHAHA!{{TAG:0007:0000:1E000000}}{{TAG:0003:0001:}}","¿Te has fijado en lo bien que se
llevan {{TAG:0011:0001:0000}} y {{TAG:0011:0001:0100}}?{{TAG:0007:0000:1E000000}}
Siempre los veo juntos.
{{TAG:0003:0001:}}Me gusta ver que dos tipos pueden
tener una relación así de íntima.{{TAG:0000:0004:}}{{TAG:0003:0024:}}Sería una gran estampa si los
pobres no fueran tan feos.{{TAG:0007:0000:14000000}}
{{TAG:0003:0002:}}¡Ja, ja, ja!{{TAG:0007:0000:1E000000}}{{TAG:0003:0001:}}","{{TAG:0011:0001:0000}} et {{TAG:0011:0001:0100}} sont
toujours fourrés ensemble, t'as
remarqué ?
{{TAG:0003:0001:}}C'est rare de voir deux gars
s'entendre aussi bien !{{TAG:0000:0004:}}{{TAG:0003:0024:}}C'est presque trop beau pour être
vrai, si tu veux mon avis{{TAG:0007:0000:0A000000}}.{{TAG:0007:0000:0A000000}}.{{TAG:0007:0000:0A000000}}.","Insomma,{{TAG:0007:0000:1E000000}} {{TAG:0011:0001:0000}} {{TAG:000E:0011:}} {{TAG:0011:0001:0100}}{{TAG:0007:0000:08000000}}
vanno parecchio d'accordo,
non ti sembra?
{{TAG:0003:0001:}}L'amicizia così tra due maschietti
è troppo forte!{{TAG:0000:0004:}}{{TAG:0003:0024:}}Le loro brutte facce rovinano un po'
l'atmosfera idillica, ma cosa si può
fare?{{TAG:0007:0000:14000000}} {{TAG:0003:0002:}}AHAHAH!{{TAG:0007:0000:1E000000}}{{TAG:0003:0001:}}","{{TAG:0011:0001:0000}} und {{TAG:0011:0001:0100}} scheinen
sich gut zu verstehen, nicht wahr?{{TAG:0007:0000:14000000}}
Ich meine,{{TAG:0007:0000:0A000000}} RICHTIG gut.
{{TAG:0003:0001:}}Es erwärmt das Herz, so eine
ehrliche Männerfreundschaft zu
sehen!
{{TAG:0003:0024:}}Die beiden haben so viel gemeinsam.{{TAG:0007:0000:14000000}}
Ihre hässlichen Fratzen zum
Beispiel!{{TAG:0007:0000:14000000}} {{TAG:0003:0002:}}{{TAG:0007:000A:}}BWA HA HA HA!{{TAG:0007:0000:1E000000}}{{TAG:0003:0001:}}","Bak,{{TAG:0007:0000:1E000000}} {{TAG:0011:0001:0000}} ile {{TAG:0011:0001:0100}}{{TAG:0007:0000:08000000}} bayağı iyi
anlaşıyor, değil mi? Hatta FAZLA iyi!
{{TAG:0003:0001:}}İki erkeğin böyle dost olması güzel
şey!{{TAG:0000:0004:}}{{TAG:0003:001B:}}Şu çirkin suratları manzarayı
bozmasa daha da güzel olacak.{{TAG:0007:0000:14000000}} {{TAG:0003:0002:}}GAHAHA!{{TAG:0007:0000:1E000000}}{{TAG:0003:0001:}}"
1,002,"Say, don't {{TAG:0007:0000:1E000000}}{{TAG:0011:0001:0000}} and
{{TAG:0011:0001:0100}} get along a little
TOO well?!
{{TAG:0003:0024:}}Even real sisters would argue more
than they do, right?{{TAG:0000:0004:}}{{TAG:0003:0001:}}Those two even get along better
than the sisters at the post office
or tailor shop,{{TAG:0007:0000:14000000}} {{TAG:0005:0007:}}!","Oye, {{TAG:0007:0000:1E000000}}{{TAG:0011:0001:0000}} y {{TAG:0011:0001:0100}} se
llevan como que muy bien, ¿no?{{TAG:0000:0004:}}{{TAG:0003:0024:}}¡Hasta las hermanas se pelean
más que ellas!{{TAG:0000:0004:}}{{TAG:0003:0001:}}Igual quieren abrir un negocio y
hacerles la competencia a {{TAG:0000:0003:0400}}Pili {{TAG:0000:0003:FFFF}}y {{TAG:0000:0003:0400}}Mili{{TAG:0000:0003:FFFF}},{{TAG:0007:0000:0A000000}}
¡{{TAG:0005:0007:}}!","Elles t'agacent pas un peu toi,
{{TAG:0011:0001:0000}} et {{TAG:0011:0001:0100}},{{TAG:0007:0000:0A000000}} à
s'entendre aussi bien ?
{{TAG:0003:0024:}}Un petit crêpage de chignon de
temps en temps, ça leur ferait pas
de mal, hein ?
{{TAG:0003:0002:}}Et ce serait plus drôle pour les
autres,{{TAG:0007:0000:14000000}} HA HA HA !{{TAG:0007:0000:14000000}} {{TAG:000E:0003:}}{{TAG:0005:0007:}} !","Ehi, non ti sembra che {{TAG:0007:0000:1E000000}}{{TAG:0011:0001:0000}}
{{TAG:000E:0011:}} {{TAG:0011:0001:0100}} se la intendano
anche troppo?
{{TAG:0003:0024:}}Perfino due sorelle litigherebbero
più di loro...{{TAG:0000:0004:}}{{TAG:0003:0001:}}Quelle due, invece, vanno d'accordo
più delle sorelle dell'ufficio postale
o della sartoria,{{TAG:0007:0000:14000000}} {{TAG:0005:0007:}}!","Sag mal, vertragen sich {{TAG:0007:0000:1E000000}}{{TAG:0011:0001:0000}}
und {{TAG:0011:0001:0100}} nicht ein bisschen
ZU gut?!
{{TAG:0003:0024:}}Sie sind wie Schwestern.{{TAG:0007:0000:1E000000}} Ach was...
{{TAG:0007:0000:08000000}}Selbst Schwestern streiten sich 
öfter als die beiden!
{{TAG:0003:0001:}}Nicht einmal die Schwestern im
Postamt und in der Schneiderei
sind so harmonisch,{{TAG:0007:0000:08000000}} {{TAG:0005:0007:}}!","Bak, {{TAG:0007:0000:1E000000}}{{TAG:0011:0001:0000}} ile {{TAG:0011:0001:0100}} biraz FAZLA
iyi anlaşmıyor mu?! {{TAG:0003:0024:}}Gerçek kardeşler
bile bunlardan çok tartışır.{{TAG:0000:0004:}}{{TAG:0003:0001:}}Postanedeki
ya da terzideki kız kardeşlerden bile
daha iyi anlaşıyorlar,{{TAG:0007:0000:14000000}} {{TAG:0005:0007:}}!"
2,003,"Say,{{TAG:0007:0000:1E000000}} {{TAG:0011:0001:0000}} and {{TAG:0011:0001:0100}} get
along awful well, don't you think?{{TAG:0000:0004:}}{{TAG:0003:0024:}}Now, I'm not implying they're all
lovey-dovey or anything.{{TAG:0000:0004:}}{{TAG:0003:0025:}}I just mean that looking at them,{{TAG:0007:0000:14000000}}
you can appreciate true friendship
between guys and gals.
{{TAG:0003:002B:}}{{TAG:0007:0000:10000000}}I'd love to have that kind of close
friendship with someone{{TAG:0007:0000:08000000}}.{{TAG:0007:0000:08000000}}.{{TAG:0007:0000:08000000}}.{{TAG:0000:0004:}}{{TAG:0003:0010:}}Oops!{{TAG:0007:0000:14000000}} {{TAG:0003:000D:}}Forget I said anything!{{TAG:0007:0000:14000000}}
You heard nothing!","{{TAG:0011:0001:0000}} y {{TAG:0011:0001:0100}} son como
muy amiguicos, ¿no?{{TAG:0000:0004:}}{{TAG:0003:0024:}}Que no digo que estén en plan
tórtolos ni nada, ¿eh?
Yo ahí no me meto.{{TAG:0000:0004:}}{{TAG:0003:0025:}}Al contrario,{{TAG:0007:0000:08000000}} son un gran ejemplo
de que chicos y chicas pueden ser
grandes amigos.
{{TAG:0003:002B:}}{{TAG:0007:0000:10000000}}Tiene que ser bonito tener ese
tipo de amistad con alguien{{TAG:0007:0000:08000000}}.{{TAG:0007:0000:08000000}}.{{TAG:0007:0000:08000000}}.{{TAG:0000:0004:}}{{TAG:0003:0010:}}¡Epa!{{TAG:0007:0000:14000000}} {{TAG:0003:000D:}}¡Tú no has oído nada!{{TAG:0007:0000:14000000}}
¡Hablaba solo!","Ils s'entendent bien, {{TAG:0011:0001:0000}} et
{{TAG:0011:0001:0100}}, hein ?{{TAG:0000:0004:}}{{TAG:0003:0024:}}Eh, j'insinue rien du tout !{{TAG:0007:0000:14000000}} Pour moi,
ils sont la preuve que l'amitié entre
garçons et filles,{{TAG:0007:0000:0A000000}} c'est possible{{TAG:0007:0000:0A000000}}.{{TAG:0007:0000:0A000000}}.{{TAG:0007:0000:0A000000}}.
{{TAG:0003:002B:}}{{TAG:0007:0000:10000000}}Et je les envie un peu{{TAG:0007:0000:08000000}}.{{TAG:0007:0000:08000000}}.{{TAG:0007:0000:08000000}}. {{TAG:0003:0010:}}Mais leur dis
surtout pas !{{TAG:0007:0000:14000000}} {{TAG:0003:000D:}}Mince, pourquoi est-ce
que je te raconte ça moi{{TAG:0007:0000:0A000000}}.{{TAG:0007:0000:0A000000}}.{{TAG:0007:0000:0A000000}}.","Visto?{{TAG:0007:0000:1E000000}} {{TAG:0011:0001:0000}} {{TAG:000E:0011:}} {{TAG:0011:0001:0100}}
vanno d'amore e d'accordo!{{TAG:0000:0004:}}{{TAG:0003:0024:}}No no, non sto insinuando che
ci sia del tenero tra di loro.{{TAG:0000:0004:}}{{TAG:0003:0025:}}Dico solo che, quando li guardo,{{TAG:0007:0000:14000000}}
vedo una vera amicizia tra
un maschio e una femmina.
{{TAG:0003:002B:}}{{TAG:0007:0000:10000000}}Confesso: mi piacerebbe
avere un'amicizia del genere
nella mia vita{{TAG:0007:0000:08000000}}.{{TAG:0007:0000:08000000}}.{{TAG:0007:0000:08000000}}.{{TAG:0000:0004:}}{{TAG:0003:0010:}}Cavoli!{{TAG:0007:0000:14000000}} {{TAG:0003:000D:}}Fai finta che non ti abbia
detto niente!{{TAG:0007:0000:14000000}} Tu non hai sentito
nulla, vero?","Also, {{TAG:0011:0001:0000}} und {{TAG:0011:0001:0100}}...
Die kommen wirklich sehr gut
miteinander klar, oder?{{TAG:0000:0004:}}{{TAG:0003:0024:}}Ich will nicht unterstellen, dass da
irgendwas zwischen ihnen läuft...{{TAG:0000:0004:}}{{TAG:0003:0025:}}Ich finde es einfach faszinierend,{{TAG:0007:0000:08000000}}
dass zwischen zwei Menschen so
eine Freundschaft bestehen kann!
{{TAG:0003:002B:}}{{TAG:0007:0000:10000000}}Ob ich wohl auch mal so eine
gute Freundin haben werde?{{TAG:0007:0001:}}
{{TAG:0003:0010:}}Äh!{{TAG:0007:0000:14000000}} {{TAG:0003:000D:}}Nein!{{TAG:0007:0000:14000000}} Ich habe nichts gesagt!","Bak,{{TAG:0007:0000:1E000000}} {{TAG:0011:0001:0000}} ile {{TAG:0011:0001:0100}} epey iyi
anlaşıyor, değil mi?{{TAG:0000:0004:}}{{TAG:0003:0024:}}Öyle aşk meşk iması
yapmıyorum.{{TAG:0000:0004:}}{{TAG:0003:0025:}}Sadece kızla erkeğin gerçek
dostluğunu görünce insanın hoşuna
gidiyor.{{TAG:0007:0000:14000000}}{{TAG:0003:002B:}}{{TAG:0007:0000:10000000}}Benim de biriyle böyle yakın
dostluğum olsa fena olmazdı{{TAG:0007:0000:08000000}}.{{TAG:0007:0000:08000000}}.{{TAG:0007:0000:08000000}}.{{TAG:0000:0004:}}{{TAG:0003:0010:}}Hop!{{TAG:0007:0000:14000000}}
{{TAG:0003:000D:}}Bunu duymadın!{{TAG:0007:0000:14000000}}"
3,004,"Say,{{TAG:0007:0000:1E000000}} {{TAG:0011:0001:0000}} and {{TAG:0011:0001:0100}}
sure do hang out a lot, don't you
think? It's enough to notice at least!
{{TAG:0003:001B:}}They're so carefree with their bug-
catching battles and fish-catching
contests!{{TAG:0007:0000:10000000}} {{TAG:0003:0006:}}Bah!
Basically, they're still just kids.{{TAG:0007:0000:14000000}}
They're not real adults!{{TAG:0007:0000:10000000}} {{TAG:0003:0021:}}Yours truly
is an adult, though!{{TAG:0007:0000:10000000}} {{TAG:0003:0002:}}GAHAHA!{{TAG:0007:0000:1E000000}}{{TAG:0003:0001:}}","{{TAG:0011:0001:0000}} y {{TAG:0011:0001:0100}} siempre
están con sus tonterías. ¡Vaya dos!{{TAG:0000:0004:}}{{TAG:0003:0024:}}Que si a ver quién caza más peces,{{TAG:0007:0000:08000000}}
que si a ver quién pesca más fruta{{TAG:0007:0000:08000000}}.{{TAG:0007:0000:08000000}}.{{TAG:0007:0000:08000000}}.{{TAG:0007:0000:08000000}}
¡No sé dónde tienen la cabeza!{{TAG:0000:0004:}}{{TAG:0003:0006:}}¡Son muy críos!{{TAG:0007:0000:14000000}} A ver si aprenden
a comportarse como adultos,{{TAG:0007:0000:0C000000}}
¡como un servidor!{{TAG:0007:0000:14000000}} {{TAG:0003:0002:}}¡Ja, ja, ja!{{TAG:0007:0000:1E000000}}{{TAG:0003:0001:}}","{{TAG:0011:0001:0000}} et {{TAG:0011:0001:0100}} sont
souvent ensemble en ce moment,
t'as remarqué ?
{{TAG:0003:0024:}}C'est à celui qui attrapera le plus
gros poisson, le plus bel insecte{{TAG:0007:0000:0A000000}}.{{TAG:0007:0000:0A000000}}.{{TAG:0007:0000:0A000000}}.
Ils me donnent le tournis !
{{TAG:0003:001B:}}De vrais gamins...{{TAG:0007:0000:14000000}} Pas comme nous,
hein ?{{TAG:0007:0000:14000000}} {{TAG:0003:0002:}}HA HA HA !{{TAG:0007:0000:1E000000}}{{TAG:0003:0001:}}","Ehi,{{TAG:0007:0000:1E000000}} {{TAG:0011:0001:0000}} {{TAG:000E:0011:}} {{TAG:0011:0001:0100}}
passano tanto tempo insieme, visto?
Abbastanza da farsi notare, almeno.
{{TAG:0003:0024:}}Sembrano così spensierati tra
una caccia agli insetti e
una sessione di pesca...
{{TAG:0003:0006:}}Secondo me dovrebbero crescere
un po'.{{TAG:0007:0000:14000000}} Non sono mica ancora
adulti, come me e te! {{TAG:0003:0002:}}AHAHAH!{{TAG:0007:0000:1E000000}}{{TAG:0003:0001:}}","{{TAG:0011:0001:0000}} und {{TAG:0011:0001:0100}} hängen 
öfters zusammen rum, nicht wahr?{{TAG:0007:0000:14000000}}
Ist mir zumindest aufgefallen.
{{TAG:0003:0024:}}Fast niedlich, wie sie zusammen
angeln gehen {{TAG:0007:0000:08000000}}oder sich streiten, wer
das schönere Insekt gefangen hat.
{{TAG:0003:0006:}}Sie sind noch wie kleine Jungs.{{TAG:0007:0000:14000000}} Na
ja, nicht jeder kann so erwachsen
sein wie ich! {{TAG:0003:0002:}}BWA HA HA!{{TAG:0007:0000:1E000000}}{{TAG:0003:0001:}}","Bak,{{TAG:0007:0000:1E000000}} {{TAG:0011:0001:0000}} ile {{TAG:0011:0001:0100}} sürekli
takılıyor, fark etmemek zor! {{TAG:0003:001B:}}Böcek
yakalama kapışmaları, balık tutma
yarışları... Ne rahatlar!{{TAG:0007:0000:10000000}} {{TAG:0003:0006:}}Peh! Sonuçta
çocuk bunlar.{{TAG:0007:0000:14000000}} Yetişkin değiller!{{TAG:0007:0000:10000000}} {{TAG:0003:0021:}}Asıl
yetişkin burada benim!{{TAG:0007:0000:10000000}} {{TAG:0003:0002:}}GAHAHA!{{TAG:0007:0000:1E000000}}{{TAG:0003:0001:}}"
4,005,"Say,{{TAG:0007:0000:1E000000}} {{TAG:0011:0001:0000}} and {{TAG:0011:0001:0100}} are
fairly good friends, yeah?{{TAG:0000:0004:}}{{TAG:0003:0025:}}I hear they meet up pretty often
and exchange secret information
or something.
{{TAG:0003:0017:}}I wonder if it's that debatey-thing...{{TAG:0007:0000:1E000000}}
That thing people do to try to
improve their communication skills?
{{TAG:0003:0006:}}If you ask me,{{TAG:0007:0000:08000000}} it just sounds like a
bunch of gossip,{{TAG:0007:0000:14000000}} {{TAG:0005:0007:}}!","Parece que {{TAG:0011:0001:0000}} y {{TAG:0011:0001:0100}}
son muy buenas amigas, ¿no?{{TAG:0000:0004:}}{{TAG:0003:0025:}}Quedan cada dos por tres
para contarse sus secreticos
o lo que sea.
{{TAG:0003:0024:}}¡Eso en mi pueblo siempre se
ha llamado co{{TAG:0007:0000:0A000000}}ti{{TAG:0007:0000:0A000000}}lle{{TAG:0007:0000:0A000000}}ar!{{TAG:0007:0000:14000000}}
¡{{TAG:000E:0003:}}{{TAG:0005:0007:}}!","Tu savais {{TAG:000E:000A:080071007500650020000600710075002700}}{{TAG:0011:0001:0000}} et
{{TAG:0011:0001:0100}} étaient bonnes copines ?{{TAG:0000:0004:}}Il paraît qu'elles se voient assez
souvent{{TAG:0007:0000:0A000000}}.{{TAG:0007:0000:0A000000}}.{{TAG:0007:0000:0A000000}}. Rien que toutes les deux.{{TAG:0000:0004:}}{{TAG:0003:0024:}}Je me demande bien ce qu'elles
manigancent ces deux-là{{TAG:0007:0000:0A000000}}.{{TAG:0007:0000:0A000000}}.{{TAG:0007:0000:0A000000}}.{{TAG:0000:0004:}}Pfff, je suis sûr qu'elles passent
leur temps à nous critiquer ! 
","Ehi,{{TAG:0007:0000:1E000000}} {{TAG:0011:0001:0000}} {{TAG:000E:0011:}} {{TAG:0011:0001:0100}} sono
buone amiche, vero?{{TAG:0000:0004:}}{{TAG:0003:0025:}}A quanto pare si incontrano spesso
e si scambiano informazioni
top-secret.
{{TAG:0003:0017:}}Mi chiedo se siano cose losche...{{TAG:0007:0000:1E000000}}
{{TAG:0003:0024:}}Mah, forse{{TAG:0007:0000:08000000}} sono solo dei normali
pettegolezzi,{{TAG:0007:0000:14000000}} {{TAG:0005:0007:}}!","{{TAG:0011:0001:0000}} und {{TAG:0011:0001:0100}} sind
ziemlich gut befreundet, nicht wahr?{{TAG:0000:0004:}}{{TAG:0003:0025:}}Man sieht sie andauernd, wie sie
beisammenstehen und sich
unterhalten.
Ich glaube, sie nennen das...{{TAG:0007:0000:14000000}}
{{TAG:0003:0017:}}Netzwerken{{TAG:0007:0000:08000000}} oder so ähnlich?{{TAG:0000:0004:}}{{TAG:0003:0024:}}Wenn du mich fragst, sind sie
einfach nur zwei Klatschtanten,{{TAG:0007:0000:08000000}}
{{TAG:0005:0007:}}!","Bak,{{TAG:0007:0000:1E000000}} {{TAG:0011:0001:0000}} ile {{TAG:0011:0001:0100}} fena arkadaş
değil, değil mi?{{TAG:0000:0004:}}{{TAG:0003:0025:}}Sık sık buluşup gizli
bilgi falan paylaşıyorlarmış.
{{TAG:0003:0017:}}Şu münazara denen şey mi ne{{TAG:0007:0000:1E000000}}... İnsanlar
iletişim geliştirmek için yapıyormuş?
{{TAG:0003:0006:}}Bana sorarsan düpedüz
dedikodu,{{TAG:0007:0000:08000000}} {{TAG:0007:0000:14000000}}{{TAG:0005:0007:}}!"
5,006,"Say,{{TAG:0007:0000:1E000000}} {{TAG:0011:0001:0000}} and {{TAG:0011:0001:0100}} are
together a lot, don't you think?{{TAG:0000:0004:}}{{TAG:0003:000B:}}{{TAG:0007:0000:10000000}}Now,{{TAG:0007:0000:0F000000}} I'm not trying to say they look
like super-close friends or nothing.{{TAG:0007:0000:1E000000}}
It's more like a frank friendship{{TAG:0007:0000:08000000}}.{{TAG:0007:0000:08000000}}.{{TAG:0007:0000:08000000}}.
{{TAG:0003:0000:}}Well,{{TAG:0007:0000:08000000}} I'm just trying to say the two
of them seem to be doing well
together,{{TAG:0007:0000:14000000}} {{TAG:0005:0007:}}.","Últimamente se ve mucho juntos
a {{TAG:0011:0001:0000}} y {{TAG:0011:0001:0100}}, ¿no te
has fijado?{{TAG:0000:0004:}}{{TAG:0003:000B:}}{{TAG:0007:0000:10000000}}Deben de estar intimando o algo{{TAG:0007:0000:08000000}}.{{TAG:0007:0000:08000000}}.{{TAG:0007:0000:08000000}}.{{TAG:0000:0004:}}{{TAG:0003:0000:}}¡Qué bonica es la amistad,{{TAG:0007:0000:08000000}}
{{TAG:0005:0007:}}!","T'as remarqué,{{TAG:0007:0000:1E000000}} {{TAG:0011:0001:0000}} et
{{TAG:0011:0001:0100}} ?{{TAG:0007:0000:14000000}} Ils s'entendent bien,
non ?
{{TAG:0003:000B:}}{{TAG:0007:0000:10000000}}Oh, ils sont pas super proches{{TAG:0007:0000:0A000000}}.{{TAG:0007:0000:0A000000}}.{{TAG:0007:0000:0A000000}}. ce
serait plutôt de la franche
camaraderie, {{TAG:0005:0007:}} !","Ehi,{{TAG:0007:0000:1E000000}} {{TAG:0011:0001:0000}} {{TAG:000E:0011:}} {{TAG:0011:0001:0100}} sono
sempre appiccicati, hai visto?{{TAG:0000:0004:}}{{TAG:0003:000B:}}{{TAG:0007:0000:10000000}}Aspetta,{{TAG:0007:0000:0F000000}} non sto dicendo che sono
migliori amici.{{TAG:0007:0000:1E000000}} Mi sembra solo
che abbiano un bel rapporto{{TAG:0007:0000:08000000}}.{{TAG:0007:0000:08000000}}.{{TAG:0007:0000:08000000}}.
{{TAG:0003:0000:}}Insomma,{{TAG:0007:0000:08000000}} volevo solo dire che
secondo me hanno un sacco
di cose in comune,{{TAG:0007:0000:14000000}} {{TAG:0005:0007:}}.","{{TAG:0011:0001:0000}} und {{TAG:0011:0001:0100}} sieht
man recht oft zusammen, nicht
wahr?{{TAG:0000:0004:}}{{TAG:0003:000B:}}{{TAG:0007:0000:10000000}}Sie wirken nicht wie wirklich enge
Freunde...{{TAG:0007:0000:1E000000}} Eher so wie gute
Bekannte.
{{TAG:0003:0000:}}Na ja, mir kann es eigentlich egal
sein,{{TAG:0007:0000:08000000}} {{TAG:0005:0007:}}.","Bak,{{TAG:0007:0000:1E000000}} {{TAG:0011:0001:0000}} ile {{TAG:0011:0001:0100}} sık sık
birlikte, değil mi?{{TAG:0000:0004:}}{{TAG:0003:000B:}}{{TAG:0007:0000:10000000}}Şimdi,{{TAG:0007:0000:0F000000}} öyle ayrılmaz
kanka gibiler demiyorum.{{TAG:0007:0000:1E000000}} Daha açık
sözlü, rahat bir arkadaşlıkları var{{TAG:0007:0000:08000000}}.{{TAG:0007:0000:08000000}}.{{TAG:0007:0000:08000000}}.
{{TAG:0003:0000:}}Neyse,{{TAG:0007:0000:08000000}} diyeceğim şu ki ikisi iyi
gidiyor,{{TAG:0007:0000:14000000}} {{TAG:0005:0007:}}."
6,007,"{{TAG:0011:0001:0000}} and {{TAG:0011:0001:0100}}...{{TAG:0007:0000:14000000}}
Do you think there's anything
we can do about them?
{{TAG:0003:0009:}}This isn't anything new,{{TAG:0007:0000:10000000}} but there
should be limits to how poorly two
people get along!
{{TAG:0003:0015:}}Nothing is going to get better if
they keep talking behind each
other's backs like they keep doing.
{{TAG:0003:0006:}}They should act like men and settle
their differences using the great
sport of {{TAG:0005:0011:0000}}!{{TAG:0007:0000:10000000}} Yeah!
{{TAG:0003:0023:}}At least it'd give everyone else
something entertaining to watch!","¿Qué vamos a hacer con {{TAG:0011:0001:0000}}
y {{TAG:0011:0001:0100}}?{{TAG:0007:0000:14000000}} {{TAG:0003:0009:}}¡No puede ser que
dos personas se lleven tan mal!
{{TAG:0003:0015:}}Y si siguen hablando por ahí
a espaldas el uno del otro,{{TAG:0007:0000:08000000}}
no lo van a mejorar.
{{TAG:0003:0006:}}¡Que hagan como los hombres y
resuelvan sus diferencias con una
competición de {{TAG:0005:0011:0000}}!
{{TAG:0003:0023:}}No sé si ayudaría,{{TAG:0007:0000:08000000}} pero al menos
sería bastante entretenido de ver.{{TAG:0007:0000:14000000}}
{{TAG:0003:0002:}}¡Ja, ja, ja!{{TAG:0007:0000:1E000000}}{{TAG:0003:0001:}}","T'en as pas un peu marre des
histoires {{TAG:000E:000A:0600640065002000040064002700}}{{TAG:0011:0001:0000}} et
{{TAG:0011:0001:0100}}, toi...?{{TAG:0000:0004:}}Toujours à se critiquer dès que
l'autre est pas là{{TAG:0007:0000:0A000000}}.{{TAG:0007:0000:0A000000}}.{{TAG:0007:0000:0A000000}}.{{TAG:0007:0000:14000000}} Et t'as vu
comment ils se parlent ?{{TAG:0000:0004:}}{{TAG:0003:0009:}}C'est pas mon genre de me mêler
des affaires des autres, mais je suis
à deux doigts d'intervenir{{TAG:0007:0000:0A000000}}.{{TAG:0007:0000:0A000000}}.{{TAG:0007:0000:0A000000}}.
{{TAG:0003:0006:}}Je sais pas moi{{TAG:0007:0000:0A000000}}.{{TAG:0007:0000:0A000000}}.{{TAG:0007:0000:0A000000}}. qu'ils règlent ça
une bonne fois pour toutes et qu'on
en parle plus !
{{TAG:0003:0023:}}Parce que ma patience a des
limites{{TAG:0007:0000:0A000000}}.{{TAG:0007:0000:0A000000}}.{{TAG:0007:0000:0A000000}}.","{{TAG:0011:0001:0000}} {{TAG:000E:0011:}} {{TAG:0011:0001:0100}}...{{TAG:0007:0000:14000000}}
Secondo te c'è qualcosa che
possiamo fare per quei due?
{{TAG:0003:0009:}}Non che sia la prima volta nella
storia, ma due soggetti non possono
litigare così tanto e così spesso!
{{TAG:0003:0015:}}E poi, se continuano a parlarsi
dietro le spalle, non arriveranno
mai a un accordo.
{{TAG:0003:0006:}}Dovrebbero comportarsi da
adulti e risolvere i loro problemi...
sfidandosi a {{TAG:0005:0011:0000}}!
{{TAG:0003:0023:}}Almeno noi vicini potremmo
assistere e farci due risate!","Können sich {{TAG:0011:0001:0000}} und
{{TAG:0011:0001:0100}} nicht mal wieder
vertragen?
{{TAG:0003:0009:}}Das geht jetzt schon eine ganze
Weile so. {{TAG:0007:0000:14000000}}Irgendwann muss doch
auch mal Schluss sein!
{{TAG:0003:0015:}}Solange sie sich gegenseitig vor
den anderen schlechtmachen,
werden sie sich nie versöhnen.
{{TAG:0003:0006:}}Sie sollten ihre Differenzen mit
{{TAG:0005:0011:0000}} austragen!{{TAG:0007:0000:14000000}} {{TAG:0003:0023:}}Dann
hätten wir auch was davon!","{{TAG:0011:0001:0000}} ile {{TAG:0011:0001:0100}}...{{TAG:0007:0000:14000000}} Bunlara
bir çare var mı? {{TAG:0003:0009:}}Yeni bir şey değil{{TAG:0007:0000:10000000}} ama iki
insan bu kadar da anlaşamaz
mı! {{TAG:0003:0015:}}Arkasından konuşup durdukça hiçbir şey
düzelmez. {{TAG:0003:0006:}}Adam gibi davranıp farklarını
büyük spor {{TAG:0005:0011:0000}} ile çözsünler!{{TAG:0007:0000:10000000}}
Aynen! {{TAG:0003:0023:}}Hiç olmazsa biz
de izler eğleniriz!"
7,008,"Hey, did {{TAG:0011:0001:0000}} and {{TAG:0011:0001:0100}}
get into a fight or something?{{TAG:0000:0004:}}{{TAG:0003:0009:}}The sparks flying between those
two are getting overwhelming{{TAG:0007:0000:08000000}}.{{TAG:0007:0000:08000000}}.{{TAG:0007:0000:08000000}}.{{TAG:0000:0004:}}{{TAG:0003:000B:}}{{TAG:0007:0000:10000000}}I know they say let sleeping dogs lie
or whatever, but{{TAG:0007:0000:08000000}}.{{TAG:0007:0000:08000000}}.{{TAG:0007:0000:08000000}}.{{TAG:0000:0004:}}{{TAG:0003:0024:}}Well, I suppose the best thing to do
here is keep quiet and wait for the
storm to pass.","Oye, ¿es que se han peleado
{{TAG:0011:0001:0000}} y {{TAG:0011:0001:0100}}?{{TAG:0000:0004:}}{{TAG:0003:0009:}}Cada vez que están cerca saltan
chispas.{{TAG:0007:0000:08000000}} A veces tengo miedo de
que me vaya a dar la corriente{{TAG:0007:0000:08000000}}.{{TAG:0007:0000:08000000}}.{{TAG:0007:0000:08000000}}.{{TAG:0000:0004:}}{{TAG:0003:000B:}}{{TAG:0007:0000:10000000}}Quizá lo mejor sea no meterse de
por medio{{TAG:0007:0000:08000000}}.{{TAG:0007:0000:08000000}}.{{TAG:0007:0000:08000000}}.{{TAG:0007:0000:08000000}} {{TAG:0003:0024:}}Si vuelan las hachas,{{TAG:0007:0000:08000000}}
¡no quiero que esté ahí mi cabeza!
Ya se les pasará{{TAG:0007:0000:08000000}}.{{TAG:0007:0000:08000000}}.{{TAG:0007:0000:08000000}}.","Il s'est passé quelque chose entre
{{TAG:0011:0001:0000}} et {{TAG:0011:0001:0100}}{{TAG:0007:0000:0A000000}} ?{{TAG:0000:0004:}}{{TAG:0003:0009:}}Je les ai croisées, l'atmosphère
était électrique{{TAG:0007:0000:08000000}}.{{TAG:0007:0000:08000000}}.{{TAG:0007:0000:08000000}}.{{TAG:0000:0004:}}{{TAG:0003:0024:}}Houlà, moi je m'en mêle pas ! Ça
doit encore être des histoires de
filles{{TAG:0007:0000:0A000000}}.{{TAG:0007:0000:0A000000}}.{{TAG:0007:0000:0A000000}}.
{{TAG:0003:0024:}}Ça leur passera !","Ehi, {{TAG:0011:0001:0000}} {{TAG:000E:0011:}} {{TAG:0011:0001:0100}}
hanno litigato di brutto
ultimamente, o sbaglio?{{TAG:0000:0004:}}{{TAG:0003:0009:}}Quando si trovano anche solo a
qualche metro di distanza l'una
dall'altra, vedo scintille nell'aria{{TAG:0007:0000:08000000}}.{{TAG:0007:0000:08000000}}.{{TAG:0007:0000:08000000}}.{{TAG:0000:0004:}}{{TAG:0003:000B:}}{{TAG:0007:0000:10000000}}Lo so che non sono affari miei, ma{{TAG:0007:0000:08000000}}.{{TAG:0007:0000:08000000}}.{{TAG:0007:0000:08000000}}.{{TAG:0000:0004:}}{{TAG:0003:0024:}}Beh, forse hai ragione tu.
Meglio non immischiarsi...
C'è da rimediarci dei graffi!","Was ist denn eigentlich zwischen
{{TAG:0011:0001:0000}} und {{TAG:0011:0001:0100}}
passiert?
{{TAG:0003:0009:}}Hast du die beiden mal zusammen
erlebt? {{TAG:0007:0000:14000000}}Wenn Blicke töten könnten...
{{TAG:0007:0000:14000000}}Das ist nicht mehr schön!
{{TAG:0003:000B:}}{{TAG:0007:0000:10000000}}Andererseits könnte es erst richtig
zum Ausbruch kommen, wenn wir
uns einmischen...
{{TAG:0003:001B:}}Vielleicht ist es das Beste,
sich da rauszuhalten.","Hey, {{TAG:0011:0001:0000}} ile {{TAG:0011:0001:0100}} kavga
mı etti?{{TAG:0000:0004:}}{{TAG:0003:0009:}}Aralarındaki kıvılcımlar iyice
fazla geliyor{{TAG:0007:0000:08000000}}.{{TAG:0007:0000:08000000}}.{{TAG:0007:0000:08000000}}.{{TAG:0000:0004:}}{{TAG:0003:000B:}}{{TAG:0007:0000:10000000}}“Uyuyan köpeği
uyandırma” derler ama{{TAG:0007:0000:08000000}}.{{TAG:0007:0000:08000000}}.{{TAG:0007:0000:08000000}}.{{TAG:0000:0004:}}{{TAG:0003:0024:}}Bence burada
yapılacak en iyi şey susup fırtınanın
geçmesini beklemek."
8,009,"A bit ago,{{TAG:0007:0000:1E000000}} {{TAG:0011:0001:0000}} and
{{TAG:0011:0001:0100}} got into a real
huge fight of sorts.
{{TAG:0003:0009:}}I guess you could say they're like
cats and dogs or oil and water.{{TAG:0007:0000:08000000}}
{{TAG:0003:000A:}}They just don't mix!
{{TAG:0003:0006:}}Why can't they be more like cats
and pigs or oil and juice or just
something like that?{{TAG:0007:0000:10000000}} {{TAG:0003:0028:}}Knuckleheads!","Hace poco,{{TAG:0007:0000:08000000}} {{TAG:0011:0001:0000}} y
{{TAG:0011:0001:0100}} tuvieron una bronca
de padre y muy señor mío.
{{TAG:0003:0009:}}Esos dos son como agua y aceite:
no combinan bien. Se llevan como
el perro y el gato.
{{TAG:0003:0024:}}¿Por qué no pueden ser como
leche y azúcar, o como una nutria
y un ornitorrinco o algo así?","Eh, je t'ai dit que j'avais assisté à la
dispute du siècle ?{{TAG:0007:0000:14000000}} Ça a bardé entre
{{TAG:0011:0001:0000}} et {{TAG:0011:0001:0100}} !
{{TAG:0003:0009:}}Une vraie scène de ménage{{TAG:0007:0000:0A000000}}.{{TAG:0007:0000:0A000000}}.{{TAG:0007:0000:0A000000}}.{{TAG:0000:0004:}}{{TAG:0003:0024:}}Ils ont rien de mieux à faire que de
se chamailler,{{TAG:0007:0000:0A000000}} ces deux-là ?","Qualche tempo fa,{{TAG:0007:0000:1E000000}} {{TAG:0011:0001:0000}} {{TAG:000E:0011:}}
{{TAG:0011:0001:0100}} hanno litigato alla
grande.
{{TAG:0003:0009:}}Sono proprio come cane e gatto.
O come cavoli a merenda. Insomma,
non possono stare vicini!
{{TAG:0003:0024:}}I gatti dovrebbero stare coi gatti,
no? E i cavoli coi cavoli. Sarebbe
tutto più facile...","Vor einer Weile haben sich
{{TAG:0011:0001:0000}} und {{TAG:0011:0001:0100}}
richtig heftig gestritten.
{{TAG:0003:0009:}}Die können sich wohl einfach nicht
riechen... {{TAG:0007:0000:14000000}}Wie Hunde und Katzen!{{TAG:0000:0004:}}{{TAG:0003:0024:}}Warum können sie nicht wie
Pferde und Schweine sein {{TAG:0007:0000:08000000}}oder
wie Hasen und Frösche?","Az önce{{TAG:0007:0000:1E000000}} {{TAG:0011:0001:0000}} ile {{TAG:0011:0001:0100}} bayağı
büyük kavga etti. {{TAG:0003:0009:}}Kedi-köpek, yağ-su
gibiler.{{TAG:0007:0000:08000000}} {{TAG:0003:000A:}}Hiç karışmıyorlar! {{TAG:0003:0006:}}Niye kediyle
domuz ya da yağla meyve suyu
gibi olamıyorlar?{{TAG:0007:0000:10000000}} {{TAG:0003:0028:}}Sersemler!"
9,010,"How well do you and {{TAG:0011:0001:0000}}
get along?{{TAG:0000:0004:}}{{TAG:0003:0015:}}I think I'm one of the few people
he can be himself around.{{TAG:0000:0004:}}{{TAG:0003:000B:}}{{TAG:0007:0000:10000000}}It's like we both fully respect and
understand each other.{{TAG:0000:0004:}}{{TAG:0003:0006:}}Anyway, I'm just trying to say that
{{TAG:0003:0023:}}you can trust him!","¿Qué tal te llevas con {{TAG:0011:0001:0000}}?{{TAG:0000:0004:}}{{TAG:0003:0015:}}Conmigo tiene mucha confianza.{{TAG:0000:0004:}}{{TAG:0003:000B:}}{{TAG:0007:0000:10000000}}Nos podemos contar nuestras cosas
y tal{{TAG:0007:0000:08000000}}.{{TAG:0007:0000:08000000}}.{{TAG:0007:0000:08000000}}.{{TAG:0007:0000:08000000}} Creo que nos aceptamos
como somos y nos respetamos.{{TAG:0000:0004:}}{{TAG:0003:0006:}}Lo que quiero decir es{{TAG:0003:0023:}} que es un
tío de fiar.","Tu t'entends bien avec {{TAG:0011:0001:0000}},
toi ?{{TAG:0000:0004:}}{{TAG:0003:0015:}}Je crois que je suis une des seules
personnes avec qui il arrive à être
vraiment lui-même...
{{TAG:0003:000B:}}{{TAG:0007:0000:10000000}}C'est sûrement parce qu'on se
respecte, tous les deux{{TAG:0007:0000:0A000000}}.{{TAG:0007:0000:0A000000}}.{{TAG:0007:0000:0A000000}}.{{TAG:0000:0004:}}{{TAG:0003:0006:}}Bon, tout ça pour dire que {{TAG:0003:0023:}}c'est un
mec bien.{{TAG:0007:0000:14000000}} Ouaip{{TAG:0007:0000:0A000000}}.{{TAG:0007:0000:0A000000}}.{{TAG:0007:0000:0A000000}}.","Come vanno le cose
tra te {{TAG:000E:0011:}} {{TAG:0011:0001:0000}}?{{TAG:0000:0004:}}{{TAG:0003:0015:}}Mi sembra che con me riesca a
sentirsi a suo agio. {{TAG:0003:000B:}}{{TAG:0007:0000:10000000}}Ci rispettiamo
e ci accettiamo l'un l'altro.{{TAG:0000:0004:}}{{TAG:0003:0006:}}Insomma, quello che volevo dirti
è {{TAG:0003:0023:}}che puoi fidarti di lui!","Du verstehst dich auch gut mit
{{TAG:0011:0001:0000}}, oder?{{TAG:0000:0004:}}{{TAG:0003:0015:}}Ich glaube, ich bin einer der wenigen
hier, die ihn wirklich verstehen.{{TAG:0000:0004:}}{{TAG:0003:000B:}}{{TAG:0007:0000:10000000}}Ich denke, wir akzeptieren einander,
weil wir uns respektieren.{{TAG:0007:0000:14000000}} Oder
umgekehrt.
{{TAG:0003:0006:}}Na ja, was ich sagen will:{{TAG:0007:0000:14000000}}
{{TAG:0003:0023:}}Er ist einer von den Guten.{{TAG:0007:0000:14000000}}
Du kannst ihm vertrauen.","{{TAG:0011:0001:0000}} ile ne kadar iyi
anlaşıyorsun?{{TAG:0000:0004:}}{{TAG:0003:0015:}}Bence yanında rahatça kendi
olabildiği az kişiden
biriyim.{{TAG:0000:0004:}}{{TAG:0003:000B:}}{{TAG:0007:0000:10000000}}Birbirimize gerçekten saygı
duyup anlıyoruz.{{TAG:0000:0004:}}{{TAG:0003:0006:}}Demek istediğim
şu: {{TAG:0003:0023:}} ona güvenebilirsin!"
10,011,"How well do you and {{TAG:0011:0001:0000}}
get along?{{TAG:0000:0004:}}{{TAG:0003:000B:}}{{TAG:0007:0000:10000000}}You might think he's kind of hard
to approach, but I assure you he
isn't a bad apple or anything.
{{TAG:0003:0025:}}You two might be keeping your
distance, but I think he's somebody
you could depend on,{{TAG:0007:0000:14000000}} {{TAG:0005:0007:}}!","¿Tú conoces bien a {{TAG:0011:0001:0000}}?{{TAG:0000:0004:}}{{TAG:0003:000B:}}{{TAG:0007:0000:10000000}}A veces es un poco suyo,
pero te aseguro que es
una persona decente.
{{TAG:0003:0025:}}Últimamente está un poco distante,
pero supongo que todavía se puede
contar con él,{{TAG:0007:0000:0C000000}} {{TAG:0005:0007:}}.","Vous vous entendez bien,
{{TAG:0011:0001:0000}} et toi ?{{TAG:0000:0004:}}{{TAG:0003:000B:}}{{TAG:0007:0000:10000000}}Bon, il faut apprendre à le
connaître{{TAG:0007:0000:0A000000}}.{{TAG:0007:0000:0A000000}}.{{TAG:0007:0000:0A000000}}.{{TAG:0007:0000:14000000}} mais il est cool.{{TAG:0000:0004:}}{{TAG:0003:0025:}}C'est le genre de mec sur qui tu
peux compter quand t'as un souci,{{TAG:0007:0000:14000000}}
{{TAG:0005:0007:}} !","Come vanno le cose
tra te {{TAG:000E:0011:}} {{TAG:0011:0001:0000}}?{{TAG:0000:0004:}}{{TAG:0003:000B:}}{{TAG:0007:0000:10000000}}Forse ti darà l'impressione
di essere un po' sulle sue, ma
ti assicuro che è un tipo a posto.
{{TAG:0003:0025:}}State mantenendo tutti e due
una certa distanza, ma secondo me
puoi fidarti di lui,{{TAG:0007:0000:14000000}} {{TAG:0005:0007:}}!","Kommst du gut mit {{TAG:0011:0001:0000}} klar?{{TAG:0000:0004:}}{{TAG:0003:000B:}}{{TAG:0007:0000:10000000}}Man kommt vielleicht nicht so leicht
an ihn ran,{{TAG:0007:0000:08000000}} aber er ist eigentlich
schwer in Ordnung.
{{TAG:0003:0025:}}Ich weiß nicht, ob du viel mit ihm zu
tun hast, {{TAG:0007:0000:08000000}}aber man kann ihm auf
jeden Fall vertrauen,{{TAG:0007:0000:08000000}} {{TAG:0005:0007:}}!","{{TAG:0011:0001:0000}} ile aran nasıl?{{TAG:0000:0004:}}{{TAG:0003:000B:}}{{TAG:0007:0000:10000000}}Yaklaşması zor
biri gibi görünebilir ama kötü biri
değildir. {{TAG:0003:0025:}}Biraz mesafeli olsanız
da ihtiyaç anında güvenebileceğin biri
bence,{{TAG:0007:0000:14000000}} {{TAG:0005:0007:}}!"
11,012,"How's your relationship with 
{{TAG:0011:0001:0000}} going?{{TAG:0000:0004:}}{{TAG:0003:0025:}}Despite his appearance,{{TAG:0007:0000:08000000}} he's
actually a pretty nice person!{{TAG:0000:0004:}}{{TAG:0003:0023:}}I think I'd even call him a really 
close friend of mine.{{TAG:0000:0004:}}{{TAG:0003:000B:}}{{TAG:0007:0000:10000000}}But{{TAG:0007:0000:08000000}}.{{TAG:0007:0000:08000000}}.{{TAG:0007:0000:08000000}}.{{TAG:0007:0000:14000000}}right now we're in the middle
of an argument.{{TAG:0000:0004:}}{{TAG:0003:0009:}}We were both being stubborn about
something so meaningless and
downright childish.
{{TAG:0003:0006:}}But I don't want to be the first to
apologize,{{TAG:0007:0000:10000000}} so I'm waiting for him
to break first!","¿Tú cómo vas con {{TAG:0011:0001:0000}}?{{TAG:0000:0004:}}{{TAG:0003:0025:}}A pesar del careto que tiene,{{TAG:0007:0000:08000000}}
en el fondo es buen tipo.{{TAG:0000:0004:}}{{TAG:0003:0023:}}Casi diría que es un gran amigo.{{TAG:0007:0001:}}
Casi.{{TAG:0000:0004:}}{{TAG:0003:000B:}}{{TAG:0007:0000:10000000}}Pero hace poco discutimos.{{TAG:0000:0004:}}{{TAG:0003:0009:}}Fue por una tontería, la verdad.
Nos pusimos cabezones los dos
y ya sabes lo que pasa{{TAG:0007:0000:08000000}}.{{TAG:0007:0000:08000000}}.{{TAG:0007:0000:08000000}}.
{{TAG:0003:0006:}}¡Pero quiero que se dé cuenta
por sí mismo antes que tener
que disculparme yo el primero!","Vous êtes amis, {{TAG:0011:0001:0000}} et toi ?{{TAG:0000:0004:}}{{TAG:0003:0025:}}Faut pas se fier aux apparences, il
peut être sympa quand il veut !{{TAG:0000:0004:}}{{TAG:0003:0023:}}En fait, on s'entend plutôt bien{{TAG:0007:0000:0A000000}}.{{TAG:0007:0000:0A000000}}.{{TAG:0007:0000:0A000000}}.
en temps normal.{{TAG:0000:0004:}}{{TAG:0003:000B:}}{{TAG:0007:0000:10000000}}Mais là, on s'est disputés pour un
truc totalement débile{{TAG:0007:0000:08000000}}.{{TAG:0007:0000:08000000}}.{{TAG:0007:0000:08000000}}.{{TAG:0007:0000:14000000}} {{TAG:0003:0009:}}Et on est
trop fiers pour faire le premier pas.
{{TAG:0003:0006:}}Alors je le laisse mariner{{TAG:0007:0000:0A000000}}.{{TAG:0007:0000:0A000000}}.{{TAG:0007:0000:0A000000}}. On verra
bien qui craquera le premier.","Come stanno andando le cose
tra te {{TAG:000E:0011:}} {{TAG:0011:0001:0000}}?{{TAG:0000:0004:}}{{TAG:0003:0025:}}Sembra un tipo particolare,{{TAG:0007:0000:08000000}} ma
in realtà è più che a posto! {{TAG:0003:0023:}}Direi
che è uno dei miei amici più stretti.{{TAG:0000:0004:}}{{TAG:0003:000B:}}{{TAG:0007:0000:10000000}}Però{{TAG:0007:0000:08000000}}.{{TAG:0007:0000:08000000}}.{{TAG:0007:0000:08000000}}.{{TAG:0007:0000:14000000}} al momento
siamo un po' in rotta.{{TAG:0000:0004:}}{{TAG:0003:0009:}}Il problema è che siamo tutti e due
testardi e orgogliosi. Soprattutto
su questioni poco importanti...
{{TAG:0003:0006:}}Ma non voglio essere io il primo
a scusarmi. Deve essere lui
a fare il primo passo.","Wie stehst du eigentlich
zu {{TAG:0011:0001:0000}}?{{TAG:0000:0004:}}{{TAG:0003:0025:}}Man sieht's vielleicht nicht gleich
auf den ersten Blick, aber eigentlich
ist er ein guter Kerl!
{{TAG:0003:0023:}}Man könnte wohl sagen, dass
wir gute Kumpels sind.{{TAG:0000:0004:}}{{TAG:0003:000B:}}{{TAG:0007:0000:10000000}}Aber im Moment gibt's
Krach zwischen uns...{{TAG:0000:0004:}}{{TAG:0003:0009:}}Warum müssen wir auch beide
so stur sein, wegen so einer
lächerlichen Kleinigkeit?
{{TAG:0003:0006:}}Ich werde mich aber auf keinen Fall
bei ihm entschuldigen! {{TAG:0007:0000:14000000}}Er soll
gefälligst zuerst einknicken!","{{TAG:0011:0001:0000}} ile ilişkin nasıl
gidiyor?{{TAG:0000:0004:}}{{TAG:0003:0025:}}Görünüşüne bakma,{{TAG:0007:0000:08000000}} aslında iyi
biridir!{{TAG:0000:0004:}}{{TAG:0003:0023:}}Hatta yakın arkadaşım bile
derim.{{TAG:0000:0004:}}{{TAG:0003:000B:}}{{TAG:0007:0000:10000000}}Ama{{TAG:0007:0000:08000000}}.{{TAG:0007:0000:08000000}}.{{TAG:0007:0000:08000000}}.{{TAG:0007:0000:14000000}} şu an tartışıyoruz.{{TAG:0000:0004:}}{{TAG:0003:0009:}}İkimiz de
çocukça bir konuda inat ettik.
{{TAG:0003:0006:}}Ama ilk özür dileyen ben olmayacağım,{{TAG:0007:0000:10000000}}
önce o pes etsin!"
12,013,"Do you get along well with
{{TAG:0011:0001:0000}}, by any chance?{{TAG:0000:0004:}}{{TAG:0003:000B:}}{{TAG:0007:0000:10000000}}I, well{{TAG:0007:0000:08000000}}.{{TAG:0007:0000:08000000}}.{{TAG:0007:0000:08000000}}.{{TAG:0007:0000:14000000}}I wouldn't say we're close.{{TAG:0007:0000:14000000}}
{{TAG:0003:0025:}}If we run into each other,{{TAG:0007:0000:08000000}} we
have decent enough conversations.","¿Por casualidad te llevas bien
con {{TAG:0011:0001:0000}}?{{TAG:0000:0004:}}{{TAG:0003:000B:}}{{TAG:0007:0000:10000000}}Nosotros no es que seamos íntimos,{{TAG:0007:0000:08000000}}
pero hemos tenido alguna charla
interesante de vez en cuando.","T'es {{TAG:000E:0006:0C0063006F007000610069006E000C0063006F00700069006E006500}} avec {{TAG:0011:0001:0000}}, toi ?{{TAG:0000:0004:}}{{TAG:0003:000B:}}{{TAG:0007:0000:10000000}}Je le connais pas très bien{{TAG:0007:0000:0A000000}}.{{TAG:0007:0000:0A000000}}.{{TAG:0007:0000:0A000000}}. mais je
pense qu'on pourrait s'entendre.{{TAG:0000:0004:}}{{TAG:0003:0025:}}Faut dire que je suis pas très
bavard aussi{{TAG:0007:0000:0A000000}}.{{TAG:0007:0000:0A000000}}.{{TAG:0007:0000:0A000000}}.","Tu vai d'accordo con {{TAG:0011:0001:0000}}?{{TAG:0000:0004:}}{{TAG:0003:000B:}}{{TAG:0007:0000:10000000}}Io?{{TAG:0007:0000:14000000}} Mmmh, non direi che siamo
amici stretti.{{TAG:0007:0000:14000000}} {{TAG:0003:0025:}}Ma se ci incontriamo,{{TAG:0007:0000:08000000}}
due chiacchiere le facciamo.","Verstehst du dich eigentlich
gut mit {{TAG:0011:0001:0000}}?{{TAG:0000:0004:}}{{TAG:0003:000B:}}{{TAG:0007:0000:10000000}}Gute Freunde sind wir nicht.{{TAG:0007:0000:14000000}} {{TAG:0003:0006:}}Aber er
ist immerhin keiner von denen, die
ich nicht ausstehen kann!","{{TAG:0011:0001:0000}} ile iyi anlaşıyor musun?{{TAG:0000:0004:}}{{TAG:0003:000B:}}{{TAG:0007:0000:10000000}}Şey{{TAG:0007:0000:08000000}}.{{TAG:0007:0000:08000000}}.{{TAG:0007:0000:08000000}}.{{TAG:0007:0000:14000000}}
çok yakın sayılmayız.{{TAG:0007:0000:14000000}} {{TAG:0003:0025:}}Karşılaşırsak{{TAG:0007:0000:08000000}}
düzgün sohbet ederiz, o kadar."
13,014,"Do you get along well with
{{TAG:0011:0001:0000}}, by any chance?{{TAG:0000:0004:}}{{TAG:0003:000B:}}{{TAG:0007:0000:10000000}}I, well{{TAG:0007:0000:08000000}}.{{TAG:0007:0000:08000000}}.{{TAG:0007:0000:08000000}}.{{TAG:0007:0001:}} {{TAG:0003:0010:}}I suppose we have an
average sort of relationship!{{TAG:0007:0000:14000000}}{{TAG:0000:0004:}}{{TAG:0003:0000:}}We exchange greetings and stuff,
{{TAG:0003:0009:}}but we're just being polite with
each other.{{TAG:0007:0000:08000000}}
{{TAG:0003:0028:}}I really don't know much about him,
come to think of it.{{TAG:0007:0000:14000000}} {{TAG:0003:000B:}}I guess I really
should talk with him a bit more.","¿Cómo te llevas con {{TAG:0011:0001:0000}}?{{TAG:0000:0004:}}{{TAG:0003:000B:}}{{TAG:0007:0000:10000000}}Yo, bueno{{TAG:0007:0000:08000000}}.{{TAG:0007:0000:08000000}}.{{TAG:0007:0000:08000000}}.{{TAG:0007:0001:}}{{TAG:0003:0010:}} ¡normal, supongo!{{TAG:0000:0004:}}{{TAG:0003:0000:}}Si nos cruzamos nos saludamos y 
tal,{{TAG:0007:0000:08000000}} {{TAG:0003:0009:}}pero por pura educación.
No lo conozco mucho en realidad.{{TAG:0007:0000:14000000}}
Tendré que charlar tranquilamente
con él un día de estos.","Tu le connais bien, {{TAG:0011:0001:0000}} ?{{TAG:0000:0004:}}{{TAG:0003:000B:}}Moi pas trop{{TAG:0007:0000:0A000000}}. « Bonjour »,
« bonsoir », ça va rarement plus
loin{{TAG:0007:0000:0A000000}}.{{TAG:0007:0000:0A000000}}.{{TAG:0007:0000:0A000000}}.
{{TAG:0003:0009:}}Des fois, c'est pas plus mal, tu me
diras !{{TAG:0000:0004:}}Bah, je devrais faire un petit effort.
{{TAG:0003:0015:}}Peut-être qu'on s'entendrait bien,
qui sait ?","Ma tu ci vai d'accordo con
{{TAG:0011:0001:0000}}?{{TAG:0000:0004:}}{{TAG:0003:000B:}}{{TAG:0007:0000:10000000}}Noi{{TAG:0007:0000:08000000}}.{{TAG:0007:0000:08000000}}.{{TAG:0007:0000:08000000}}.{{TAG:0007:0001:}}{{TAG:0003:0010:}} andiamo d'accordo, ma niente
di che!{{TAG:0007:0000:14000000}} {{TAG:0003:0000:}}Ci salutiamo e tutto, {{TAG:0003:0009:}}ma più
per gentilezza che per altro.{{TAG:0007:0000:08000000}}
Ora che ci penso, praticamente
non lo conosco.{{TAG:0007:0000:14000000}} Magari nei prossimi
giorni gli parlo un po'.","Bist du mit {{TAG:0011:0001:0000}}
befreundet?{{TAG:0000:0004:}}{{TAG:0003:000B:}}{{TAG:0007:0000:10000000}}Was uns angeht{{TAG:0007:0000:08000000}}.{{TAG:0007:0000:08000000}}.{{TAG:0007:0000:08000000}}. {{TAG:0007:0001:}}{{TAG:0003:0010:}}Neutral könnte
man unser Verhältnis nennen.{{TAG:0007:0000:14000000}}{{TAG:0000:0004:}}{{TAG:0003:0000:}}Wir grüßen uns auf der Straße und
so. {{TAG:0007:0000:14000000}}{{TAG:0003:0009:}}Aber eigentlich ist das nur
Höflichkeit...
Ich kenne ihn nicht richtig.{{TAG:0007:0000:14000000}}
Vielleicht sollte ich mich
mal mit ihm unterhalten.","{{TAG:0011:0001:0000}} ile aran iyi mi?{{TAG:0000:0004:}}{{TAG:0003:000B:}}{{TAG:0007:0000:10000000}}Şey{{TAG:0007:0000:08000000}}.{{TAG:0007:0000:08000000}}.{{TAG:0007:0000:08000000}}.{{TAG:0007:0001:}} {{TAG:0003:0010:}}ortalama
bir ilişkimiz var diyelim!{{TAG:0007:0000:14000000}}{{TAG:0000:0004:}}{{TAG:0003:0000:}}Selamlaşırız,{{TAG:0003:0009:}}
ama daha çok nezaketen.{{TAG:0007:0000:08000000}} {{TAG:0003:0028:}}Düşününce onu
pek tanımıyorum.{{TAG:0007:0000:14000000}} {{TAG:0003:000B:}}Galiba biraz
daha konuşmalıyım."
14,015,"{{TAG:0003:0006:}}Hey,{{TAG:0007:0000:14000000}} would you listen to this?{{TAG:0007:0000:28000000}}
{{TAG:0003:0008:}}That stinkin' {{TAG:0011:0001:0000}},{{TAG:0007:0000:14000000}} gah!
I'm so mad at him!{{TAG:0007:0000:1E000000}}{{TAG:0003:0006:}}
{{TAG:0003:000B:}}I told him {{TAG:0005:0013:0000}} is
best with some lemon juice and
was being all upbeat and stuff{{TAG:0007:0000:08000000}}.{{TAG:0007:0000:08000000}}.{{TAG:0007:0000:08000000}}.
{{TAG:0003:0006:}}Then that stinker was all, ""I can't
believe how you put lemon juice
on just about anything!""{{TAG:0007:0000:14000000}}
Then he started saying I must be
from the planet Lemon!{{TAG:0007:0000:10000000}} {{TAG:0003:0007:}}I'm never
gonna talk to him ever again!{{TAG:0007:0000:10000000}} GAH!","{{TAG:0003:0006:}}¿Te lo puedes creer?{{TAG:0007:0000:14000000}}
{{TAG:0003:0007:}}¡Ese repelente de {{TAG:0011:0001:0000}}{{TAG:0007:0000:08000000}}.{{TAG:0007:0000:08000000}}.{{TAG:0007:0000:08000000}}.{{TAG:0007:0000:08000000}}!{{TAG:0007:0000:0F000000}}
{{TAG:0003:0008:}}¡No puedo con él!
{{TAG:0003:0006:}}Se me ocurrió comentar que {{TAG:000E:0012:0600040061006C000800610020006C0061000000}}
{{TAG:0005:0013:0000}} hay que echarle
un chorrico de jugo de limón.
Yo todo amable dando un consejo,{{TAG:0007:0000:0C000000}}
y va y me suelta:{{TAG:0007:0000:0F000000}} {{TAG:0003:0006:}}""¡Tú es que le
echas limón a cualquier cosa!"".
Y encima me dice que si es que soy
del planeta Limón.{{TAG:0007:0000:14000000}} {{TAG:0003:0007:}}¿Será petimetre?{{TAG:0007:0000:14000000}}
¡No le hablo más en la vida!","{{TAG:0003:0006:}}Grrrrr,{{TAG:0007:0000:14000000}} je suis remonté !{{TAG:0007:0000:14000000}} {{TAG:0003:0008:}}C'est
{{TAG:0011:0001:0000}}, il dépasse les bornes !{{TAG:0000:0004:}}{{TAG:0003:0006:}}Faut que t'écoutes ça.{{TAG:0007:0000:14000000}} Il m'a fait
goûter {{TAG:000E:0002:}}{{TAG:0005:0013:0000}}
qu'il avait préparé{{TAG:0007:0000:0A000000}}.{{TAG:0007:0000:0A000000}}.{{TAG:0007:0000:0A000000}}.
Bon,{{TAG:0007:0000:0A000000}} c'est pas un cordon bleu, mais
passons.{{TAG:0007:0000:14000000}} Moi, je lui fais gentiment
remarquer que ça manque de sel{{TAG:0007:0000:08000000}}.{{TAG:0007:0000:08000000}}.{{TAG:0007:0000:08000000}}.{{TAG:0007:0000:14000000}}{{TAG:0000:0004:}}{{TAG:0003:0006:}}Et tu sais ce qu'il a eu le culot de
répondre ?{{TAG:0007:0000:14000000}} « Quelqu'un t'a demandé
de ramener ton grain de sel ? ».
Non mais{{TAG:0007:0000:0A000000}}.{{TAG:0007:0000:0A000000}}.{{TAG:0007:0000:0A000000}}. je disais ça pour lui
rendre service, tu me connais !{{TAG:0007:0000:14000000}} Ah
ça{{TAG:0007:0000:0A000000}}.{{TAG:0007:0000:0A000000}}.{{TAG:0007:0000:0A000000}}. je suis pas près de lui reparler !","{{TAG:0003:0006:}}Ehi,{{TAG:0007:0000:14000000}} ma lo sai cos'è successo!?{{TAG:0007:0000:28000000}} {{TAG:0003:0008:}}
{{TAG:0011:0001:0000}}...{{TAG:0007:0000:14000000}} Che nervi!
Non lo sopporto più!{{TAG:0007:0000:1E000000}}{{TAG:0003:0006:}} Che antipatico!
{{TAG:0003:0005:}}Gli stavo spiegando tutto fiero che
{{TAG:000E:0001:}}{{TAG:0005:0013:0000}} è buon{{TAG:000E:0012:060002006F00020061000000}}
con sopra il formaggio grattugiato.{{TAG:0007:0000:08000000}}
{{TAG:0003:0006:}}E questo si è messo a dire: ""Che
coraggio! Io il formaggio non lo
grattugio neanche sulla pasta!""{{TAG:0007:0000:14000000}}
E poi mi ha chiesto se vengo dal
Pianeta Formaggio! {{TAG:0003:0007:}}Io con quel
soggetto non ci parlo PIÙ!","{{TAG:0003:0006:}}He,{{TAG:0007:0000:14000000}} hör mal zu!{{TAG:0007:0000:28000000}}
{{TAG:0003:0008:}}Dieser blöde {{TAG:0011:0001:0000}}!{{TAG:0007:0000:14000000}}
Eine Stinkwut hab ich!{{TAG:0007:0000:1E000000}}{{TAG:0003:0006:}}
{{TAG:0003:0005:}}„{{TAG:0005:0013:0000}} schmeckt am
besten mit Zitrusessig!“, hab ich ihm
gerade ganz nett gesagt...
{{TAG:0003:0006:}}Da feixt er, ich würde ja jede
Speise in Zitrusessig ertränken!{{TAG:0000:0004:}}„Zitruszungenzampano“ hat er mich
genannt!{{TAG:0007:0000:1E000000}} {{TAG:0003:0007:}}Das war's! {{TAG:0007:0000:14000000}}Ich spreche nie
wieder mit dem Kerl!","{{TAG:0003:0006:}}Hey,{{TAG:0007:0000:14000000}} şunu dinle!{{TAG:0007:0000:28000000}} {{TAG:0003:0008:}}Şu uyuz {{TAG:0011:0001:0000}},{{TAG:0007:0000:14000000}} gah!
Çok sinirliyim!{{TAG:0007:0000:1E000000}}{{TAG:0003:0006:}} {{TAG:0003:000B:}}Ona {{TAG:0005:0013:0000}} limonla
çok güzel olur dedim{{TAG:0007:0000:08000000}}.{{TAG:0007:0000:08000000}}.{{TAG:0007:0000:08000000}}. {{TAG:0003:0006:}}O da “Her şeye
limon sıkıyorsun!” diye dalga geçti.{{TAG:0007:0000:14000000}}
Sonra bana Limon Gezegeni'nden gelmişim
dedi!{{TAG:0007:0000:10000000}} {{TAG:0003:0007:}}Bir daha asla konuşmayacağım!{{TAG:0007:0000:10000000}} GAH!"
15,016,"Are you good friends with
{{TAG:0011:0001:0000}}, by any chance?{{TAG:0007:0001:}}
{{TAG:0003:000A:}}I{{TAG:0007:0000:08000000}} have a tough time with him{{TAG:0007:0000:08000000}}.{{TAG:0007:0000:08000000}}.{{TAG:0007:0000:08000000}}.
Oh,{{TAG:0007:0000:0F000000}} {{TAG:0003:0028:}}it's not like we're fighting at
the moment, so it's not a big deal
or anything like that.
{{TAG:0003:001B:}}It's just that he looks all nice,{{TAG:0007:0000:10000000}} {{TAG:0003:0007:}}but
he's actually pretty stubborn and
won't ever cooperate!
{{TAG:0003:000F:}}Hmm?{{TAG:0007:0000:0F000000}} Me?{{TAG:0007:0000:1E000000}} {{TAG:0003:0024:}}Well, of course I don't
back down, either,{{TAG:0007:0000:10000000}} {{TAG:0003:0006:}}but that's
completely different!","¿Tú aguantas a {{TAG:0011:0001:0000}}?{{TAG:0007:0001:}}
{{TAG:0003:0009:}}Yo ya no sé por dónde cogerlo{{TAG:0007:0000:08000000}}.{{TAG:0007:0000:08000000}}.{{TAG:0007:0000:08000000}}.{{TAG:0000:0004:}}{{TAG:0003:0000:}}¿Pues no va el otro día y me dice
que si quiero quedar un día con él
para merendar?
{{TAG:0003:0006:}}¡Pero si nunca quedamos!{{TAG:0007:0000:0F000000}}
Yo no sé a qué ha venido esto,
de verdad.{{TAG:0007:0000:19000000}} Me confunde.
{{TAG:0003:000F:}}¿Ahora qué le digo?{{TAG:0007:0000:1E000000}} {{TAG:0003:0024:}}Estaría feo
no aceptar,{{TAG:0007:0000:08000000}} supongo.{{TAG:0007:0000:19000000}} Vaya lío.","Tu t'entends bien avec
{{TAG:0011:0001:0000}}, toi ?{{TAG:0007:0001:}} {{TAG:0003:0009:}}Moi j'ai un peu de
mal{{TAG:0007:0000:08000000}}.{{TAG:0007:0000:08000000}}.{{TAG:0007:0000:08000000}}.
{{TAG:0003:0000:}}Oh,{{TAG:0007:0000:0F000000}} on s'est pas disputés, ni rien !{{TAG:0007:0000:14000000}}
{{TAG:0003:0006:}}C'est juste que j'ai jamais vu un
mec aussi borné !
{{TAG:0003:0024:}}Hum, hum{{TAG:0007:0000:0A000000}}.{{TAG:0007:0000:0A000000}}.{{TAG:0007:0000:0A000000}}. À part moi peut-être ?{{TAG:0007:0000:14000000}}
{{TAG:0003:0009:}}Bref tous les deux, ça fait des
étincelles !","Ma tu sei amic{{TAG:000E:0006:02006F0002006100}} di {{TAG:0011:0001:0000}}?{{TAG:0007:0001:}}
{{TAG:0003:0009:}}Io{{TAG:0007:0000:08000000}} non riesco proprio ad andarci
d'accordo{{TAG:0007:0000:08000000}}.{{TAG:0007:0000:08000000}}.{{TAG:0007:0000:08000000}}.{{TAG:0000:0004:}}{{TAG:0003:0000:}}No no,{{TAG:0007:0000:0F000000}} non è che abbiamo
litigato o roba del genere.{{TAG:0000:0004:}}{{TAG:0003:0006:}}È solo che fa tutto il carino e poi
quando hai bisogno non ti dà
una mano neanche a pagarlo!
{{TAG:0003:000F:}}Chi?{{TAG:0007:0000:0F000000}} Io?{{TAG:0007:0000:1E000000}} {{TAG:0003:0024:}}Beh, è chiaro, non lo aiuto
nemmeno io! Perché dovrei?! Non
lo sai che sono superorgoglioso...?","Verstehst du dich mit {{TAG:0011:0001:0000}}?{{TAG:0007:0000:14000000}}
{{TAG:0003:0009:}}Wir sind nicht gerade die besten
Freunde...
{{TAG:0003:0000:}}Es ist jetzt nicht so, als würden wir
uns permanent streiten oder so.{{TAG:0000:0004:}}{{TAG:0003:0006:}}Aber wenn man mal mit ihm zu tun
hatte, merkt man, dass er sehr stur
ist und nicht besonders hilfsbereit.
{{TAG:0003:000F:}}Hm?{{TAG:0007:0000:0F000000}} Ich?{{TAG:0007:0000:1E000000}} {{TAG:0003:0007:}}Klar, ich hab auch meinen
eigenen Kopf, aber das ist etwas
völlig anderes!","{{TAG:0011:0001:0000}} ile iyi arkadaş mısın?{{TAG:0007:0001:}} {{TAG:0003:000A:}}Ben{{TAG:0007:0000:08000000}}
onunla biraz zor anlaşıyorum{{TAG:0007:0000:08000000}}.{{TAG:0007:0000:08000000}}.{{TAG:0007:0000:08000000}}. Yok,{{TAG:0007:0000:0F000000}}
{{TAG:0003:0028:}}şu an kavga etmiyoruz, büyük mesele değil.
{{TAG:0003:001B:}}Dışarıdan uyumlu görünür,{{TAG:0007:0000:10000000}} {{TAG:0003:0007:}}ama aslında
çok inatçı ve hiç işbirliği yapmaz! {{TAG:0003:000F:}}Hı?{{TAG:0007:0000:0F000000}}
Ben mi?{{TAG:0007:0000:1E000000}} {{TAG:0003:0024:}}Benim geri adım atmamam başka
tabii,{{TAG:0007:0000:10000000}} {{TAG:0003:0006:}}o farklı!"
16,017,"Do you get along well with
{{TAG:0011:0001:0000}}, by any chance?{{TAG:0000:0004:}}{{TAG:0003:0025:}}It's really strange, but when I talk to
her,{{TAG:0007:0000:08000000}} I feel like it's easy to be honest
with my feelings.
{{TAG:0003:0015:}}Her being a girl or me being a guy
doesn't matter at all.{{TAG:0000:0004:}}It's like we can just say how we
feel without worrying so much.{{TAG:0000:0004:}}{{TAG:0003:0001:}}I really think I gotta treasure the
relationship we have, don't you
think?{{TAG:0007:0000:14000000}} {{TAG:000E:0003:}}{{TAG:0005:0007:}}?","¿Tú conoces bien a {{TAG:0011:0001:0000}}?{{TAG:0000:0004:}}{{TAG:0003:0025:}}Es raro,{{TAG:0007:0000:08000000}} pero cuando estoy con ella
tengo la sensación de que puedo ser
yo mismo.
Puedo decir lo que opino sin
preocuparme de qué pensará.{{TAG:0000:0004:}}{{TAG:0003:000B:}}Pocas veces he tenido una amistad
así con una chica{{TAG:0007:0000:08000000}}.{{TAG:0007:0000:08000000}}.{{TAG:0007:0000:08000000}}.{{TAG:0007:0000:08000000}} {{TAG:0003:0001:}}Eso vale la pena
cuidarlo,{{TAG:0007:0000:08000000}} ¿no crees,{{TAG:0007:0000:0C000000}} {{TAG:0005:0007:}}?","Dis, tu t'entends bien avec
{{TAG:0011:0001:0000}} ?{{TAG:0000:0004:}}{{TAG:0003:0025:}}Moi, tu me connais, je me lie pas
facilement{{TAG:0007:0000:0A000000}}.{{TAG:0007:0000:0A000000}}.{{TAG:0007:0000:0A000000}}. Mais avec elle, c'est
pas pareil.
J'ai l'impression que je peux tout lui
dire ! Et peu importe qu'elle soit
une fille, et moi un mec, tu vois.
{{TAG:0003:0015:}}C'est un peu comme si on était
frère et sœur{{TAG:0007:0000:0A000000}}.{{TAG:0007:0000:0A000000}}.{{TAG:0007:0000:0A000000}}.{{TAG:0000:0004:}}{{TAG:0003:0001:}}Ça m'arrive pas souvent ce genre de
choses, {{TAG:0005:0007:}}{{TAG:0007:0000:0A000000}}.{{TAG:0007:0000:0A000000}}.{{TAG:0007:0000:0A000000}}.","Ma tu ci vai d'accordo con
{{TAG:0011:0001:0000}}?{{TAG:0000:0004:}}{{TAG:0003:0025:}}Ti dirò... Quando ci parlo,{{TAG:0007:0000:08000000}} mi sento
proprio a mio agio. {{TAG:0003:0015:}}Anche se lei è
una femminuccia e io un maschietto.{{TAG:0000:0004:}}Possiamo parlare schiettamente
senza preoccuparci di niente.{{TAG:0000:0004:}}{{TAG:0003:0001:}}Secondo me è una buona amica.
Devo tenermela stretta.{{TAG:0007:0000:14000000}}
{{TAG:000E:0003:}}{{TAG:0005:0007:}}!","Kommst du gut mit {{TAG:0011:0001:0000}} klar?{{TAG:0000:0004:}}{{TAG:0003:0025:}}Wenn ich mit ihr spreche, habe ich
irgendwie das Gefühl, ihr alles sagen
zu können.
{{TAG:0003:0006:}}Ohne dass sie gleich anfängt zu
weinen wie die meisten anderen
Mädchen, wenn sie mich sehen.
{{TAG:0003:0000:}}Solch eine Bekanntschaft ist viel
wert, {{TAG:0007:0000:08000000}}{{TAG:0005:0007:}}!","{{TAG:0011:0001:0000}} ile aran iyi mi?{{TAG:0000:0004:}}{{TAG:0003:0025:}}Garip
ama onunla konuşunca{{TAG:0007:0000:08000000}} duygularımı dürüstçe
söylemek kolay geliyor. {{TAG:0003:0015:}}Onun kız, benim
erkek olmam fark etmiyor.{{TAG:0000:0004:}}Rahatça
ne hissediyorsak söyleyebiliyoruz.{{TAG:0000:0004:}}{{TAG:0003:0001:}}Bu
ilişkiye değer vermeliyim bence,
ne dersin?{{TAG:0007:0000:14000000}} {{TAG:000E:0003:}}{{TAG:0005:0007:}}?"
17,018,"Are you good friends with
{{TAG:0011:0001:0000}}, by any chance?{{TAG:0000:0004:}}{{TAG:0003:0024:}}I suppose you could say we get
along all right.{{TAG:0007:0000:1E000000}}{{TAG:0003:0000:}}{{TAG:0000:0004:}}I mean, she listens to what I have to
say instead of just nodding along
like she's listening but isn't.
{{TAG:0003:0023:}}I suppose{{TAG:0007:0000:08000000}}.{{TAG:0007:0000:08000000}}.{{TAG:0007:0000:08000000}}.{{TAG:0007:0000:08000000}}she's a close friend?{{TAG:0007:0000:1E000000}}
{{TAG:0003:001A:}}{{TAG:0007:0000:10000000}}Makes me a little embarrassed
to say that, though. Heh.","¿Tú eres muy amig{{TAG:000E:0006:02006F0002006100}} de {{TAG:0011:0001:0000}}?{{TAG:0000:0004:}}{{TAG:0003:0024:}}Nosotros,{{TAG:0007:0000:08000000}} bueno,{{TAG:0007:0000:08000000}} ni fu ni fa.{{TAG:0000:0004:}}{{TAG:0003:0000:}}Aunque es verdad que suele prestar
atención cuando le cuento algo.{{TAG:0007:0000:14000000}}
No asiente sin más,{{TAG:0007:0000:08000000}} como hago yo.
{{TAG:0003:0023:}}Supongo que eso{{TAG:0007:0000:08000000}}.{{TAG:0007:0000:08000000}}.{{TAG:0007:0000:08000000}}.{{TAG:0007:0000:08000000}} la convierte
en una buena amiga, {{TAG:0007:0000:08000000}}¿no?{{TAG:0007:0000:1E000000}}
{{TAG:0003:001A:}}{{TAG:0007:0000:10000000}}Qué cursi queda decir eso.","{{TAG:0011:0001:0000}}{{TAG:0007:0000:0A000000}}.{{TAG:0007:0000:0A000000}}.{{TAG:0007:0000:0A000000}}. tu t'entends bien avec
elle ?{{TAG:0007:0001:}} {{TAG:0003:0024:}}Moi plutôt bien, oui.{{TAG:0000:0004:}}{{TAG:0003:0025:}}Elle m'écoute quand je parle, c'est
déjà ça{{TAG:0007:0000:0A000000}}.{{TAG:0007:0000:0A000000}}.{{TAG:0007:0000:0A000000}}.{{TAG:0007:0000:14000000}} Des fois je lui pose même
des questions, pour être sûr !
{{TAG:0003:0023:}}Je pense pouvoir dire qu'on est
amis.{{TAG:0007:0000:1E000000}} {{TAG:0003:001A:}}{{TAG:0007:0000:10000000}}Je me sens un peu ridicule de
dire ça, surtout que c'est une fille{{TAG:0007:0000:0A000000}}.{{TAG:0007:0000:0A000000}}.{{TAG:0007:0000:0A000000}}.","Tu {{TAG:000E:0011:}} {{TAG:0011:0001:0000}} siete
{{TAG:000E:0006:1600620075006F006E006900200061006D006900630069001800620075006F006E006500200061006D006900630068006500}}?{{TAG:0000:0004:}}{{TAG:0003:0024:}}Io e lei...{{TAG:0007:0000:1E000000}} andiamo abbastanza
d'accordo, direi.{{TAG:0003:0000:}}{{TAG:0000:0004:}}Per esempio, mi ascolta veramente.
Non fa solo cenno di sì mentre
pensa ai fatti suoi.
{{TAG:0003:0023:}}In questo senso, forse{{TAG:0007:0000:08000000}}.{{TAG:0007:0000:08000000}}.{{TAG:0007:0000:08000000}}.{{TAG:0007:0000:08000000}} è un'amica
stretta?{{TAG:0007:0000:1E000000}} {{TAG:0003:001A:}}{{TAG:0007:0000:10000000}}Oh, non pensare male.
Non sono proprio il tipo. Ma ti pare!","{{TAG:0011:0001:0000}} und du, seid ihr
eigentlich Freunde?{{TAG:0000:0004:}}{{TAG:0003:0024:}}Ich verstehe mich ganz
gut mit ihr, denke ich.{{TAG:0007:0000:1E000000}}{{TAG:0003:0000:}}{{TAG:0000:0004:}}Sie kann gut zuhören, und sie ist
auch nicht auf den Kopf gefallen.{{TAG:0000:0004:}}{{TAG:0003:0023:}}Man könnte sagen... {{TAG:0007:0000:08000000}}Wir sind
{{TAG:0007:0000:0A000000}}Freunde.{{TAG:0007:0000:1E000000}} {{TAG:0003:001A:}}{{TAG:0007:0000:10000000}}Ist mir irgendwie etwas
peinlich, das auszusprechen.","{{TAG:0011:0001:0000}} ile iyi arkadaş mısın?{{TAG:0000:0004:}}{{TAG:0003:0024:}}Fena
anlaşmıyoruz diyebilirim.{{TAG:0007:0000:1E000000}}{{TAG:0003:0000:}}{{TAG:0000:0004:}}Konuşurken
gerçekten dinliyor, sırf kafa
sallamıyor. {{TAG:0003:0023:}}Galiba{{TAG:0007:0000:08000000}}.{{TAG:0007:0000:08000000}}.{{TAG:0007:0000:08000000}}.{{TAG:0007:0000:08000000}} yakın arkadaş
sayılır?{{TAG:0007:0000:1E000000}} {{TAG:0003:001A:}}{{TAG:0007:0000:10000000}}Söylemesi biraz
utandırıyor ama. Heh."
18,019,"{{TAG:0003:0009:}}Man,{{TAG:0007:0000:08000000}} I don't know what to do{{TAG:0007:0000:08000000}}.{{TAG:0007:0000:08000000}}.{{TAG:0007:0000:08000000}}.{{TAG:0000:0004:}}{{TAG:0003:0000:}}You know {{TAG:0011:0001:0000}}, right?{{TAG:0007:0000:1E000000}}{{TAG:0000:0004:}}I was having a good time shooting
the breeze with her...{{TAG:0000:0004:}}{{TAG:0003:0006:}}But I must have said something to
upset her, 'cause she got real angry
and then wouldn't calm down.
{{TAG:0003:0009:}}I don't understand how women
think!{{TAG:0007:0000:10000000}} {{TAG:0003:001B:}}You'd think calling her head
huge is a compliment,{{TAG:0007:0000:10000000}} {{TAG:0003:0007:}}but no!","{{TAG:0003:0009:}}Vaya,{{TAG:0007:0000:08000000}} estoy que no sé qué hacer{{TAG:0007:0000:08000000}}.{{TAG:0007:0000:08000000}}.{{TAG:0007:0000:08000000}}.{{TAG:0000:0004:}}{{TAG:0003:0000:}}Conoces a {{TAG:0011:0001:0000}}, ¿verdad?{{TAG:0007:0000:1E000000}}{{TAG:0000:0004:}}Estábamos charlando antes
y echando unas risas,{{TAG:0007:0000:08000000}} pero se ve
que he dicho algo inconveniente.
{{TAG:0003:0006:}}¡Está enfadadísima conmigo!{{TAG:0007:0000:1E000000}}
No comprendo a las chicas,{{TAG:0007:0000:08000000}}
{{TAG:0005:0007:}}.
{{TAG:0003:0024:}}No pensaba que se iba a tomar tan
mal que le dijera que tiene la cabeza
muy grande.{{TAG:0007:0000:1E000000}} ¡Si era un cumplido!","{{TAG:0003:0009:}}Oh là là,{{TAG:0007:0000:08000000}} je suis mal{{TAG:0007:0000:0A000000}}.{{TAG:0007:0000:0A000000}}.{{TAG:0007:0000:0A000000}}. je suis mal !{{TAG:0000:0004:}}{{TAG:0003:0000:}}C'est {{TAG:0011:0001:0000}}. Elle m'en veut à
mort, et je sais même pas
pourquoi{{TAG:0007:0000:0A000000}}.{{TAG:0007:0000:0A000000}}.{{TAG:0007:0000:0A000000}}.{{TAG:0007:0000:1E000000}}{{TAG:0000:0004:}}{{TAG:0003:0024:}}On discutait de tout et de rien,{{TAG:0007:0000:14000000}} et
tout à coup, elle est partie comme
une furie !
{{TAG:0003:0006:}}J'ai dû faire une gaffe, c'est sûr{{TAG:0007:0000:0A000000}}.{{TAG:0007:0000:0A000000}}.{{TAG:0007:0000:0A000000}}.
{{TAG:0003:0024:}}Elle a quand même pas mal pris ce
que j'ai dit sur la taille de sa tête{{TAG:0007:0000:0A000000}}.{{TAG:0007:0000:0A000000}}.{{TAG:0007:0000:0A000000}}.?
{{TAG:0003:001B:}}Va savoir avec les filles{{TAG:0007:0000:0A000000}}.{{TAG:0007:0000:0A000000}}.{{TAG:0007:0000:0A000000}}.","{{TAG:0003:0009:}}Cavoli,{{TAG:0007:0000:08000000}} non so che fare{{TAG:0007:0000:08000000}}.{{TAG:0007:0000:08000000}}.{{TAG:0007:0000:08000000}}.{{TAG:0000:0004:}}{{TAG:0003:0000:}}La conosci {{TAG:0011:0001:0000}}, giusto?{{TAG:0007:0000:1E000000}}{{TAG:0000:0004:}}Stavamo facendo una bella
chiacchierata...{{TAG:0000:0004:}}{{TAG:0003:0006:}}... ma devo aver detto qualcosa
di sbagliato, perché si è arrabbiata
e non voleva più calmarsi.
{{TAG:0003:0024:}}Ma come ragionano le donne?! Pensi
che dirle che ha la testa grossa sia
un complimento... e invece no...!","{{TAG:0003:0009:}}Mann,{{TAG:0007:0000:08000000}} so langsam weiß
ich nicht mehr weiter...{{TAG:0000:0004:}}{{TAG:0003:0000:}}Du kennst doch {{TAG:0011:0001:0000}}, oder?{{TAG:0007:0000:1E000000}}{{TAG:0000:0004:}}Wir haben eigentlich ganz lustig
geplaudert, {{TAG:0003:0006:}}da wurde sie plötzlich
unheimlich wütend!
{{TAG:0003:001B:}}Ich glaub, ich geb's auf.{{TAG:0007:0000:14000000}} {{TAG:000E:0006:060044006900650008004500750063006800}}
Frauen werd ich nie verstehen!","{{TAG:0003:0009:}}Of,{{TAG:0007:0000:08000000}} ne yapacağımı
bilmiyorum{{TAG:0007:0000:08000000}}.{{TAG:0007:0000:08000000}}.{{TAG:0007:0000:08000000}}.{{TAG:0000:0004:}}{{TAG:0003:0000:}}{{TAG:0011:0001:0000}}'i tanıyorsun,
değil mi?{{TAG:0007:0000:1E000000}}{{TAG:0000:0004:}}Gayet güzel sohbet
ediyorduk...{{TAG:0000:0004:}}{{TAG:0003:0006:}}Bir şey söyledim herhâlde,
birden çok kızdı ve sakinleşmedi.
{{TAG:0003:0009:}}Kadınları anlamıyorum!{{TAG:0007:0000:10000000}} {{TAG:0003:001B:}}Kafasına
“kocaman” demek iltifat sanırsın,{{TAG:0007:0000:10000000}}
{{TAG:0003:0007:}}ama değilmiş!"
19,020,"Do you get along well with
{{TAG:0011:0001:0000}}, by any chance?{{TAG:0000:0004:}}{{TAG:0003:0025:}}I think we get along all right.{{TAG:0007:0000:14000000}}
We talk pretty often, ya know?{{TAG:0000:0004:}}{{TAG:0003:0024:}}She's the perfect person to chat
with about silly stuff.{{TAG:0007:0000:14000000}} {{TAG:0003:0002:}}GAHAHA!{{TAG:0007:0000:1E000000}}{{TAG:0003:0001:}}","Tú te llevas bien con {{TAG:0011:0001:0000}},
¿no?{{TAG:0007:0000:14000000}} ¿O no?{{TAG:0000:0004:}}{{TAG:0003:0025:}}Yo creo que me llevo bien con ella.{{TAG:0007:0000:14000000}}
Por lo menos charlamos de vez
en cuando.{{TAG:0000:0004:}}{{TAG:0003:0024:}}Es la persona perfecta para hablar
de tonterías.{{TAG:0007:0000:14000000}} {{TAG:0003:0002:}}¡Ja, ja, ja!{{TAG:0007:0000:1E000000}}{{TAG:0003:0001:}}","Tu t'entends bien avec {{TAG:0011:0001:0000}} ?{{TAG:0000:0004:}}{{TAG:0003:0025:}}On discute pas mal, elle et moi.{{TAG:0007:0000:14000000}} Elle
arrive même à me mettre de bonne
humeur, parfois !{{TAG:0000:0004:}}{{TAG:0003:0024:}}Si t'entendais nos conversations des
fois{{TAG:0007:0000:0A000000}}.{{TAG:0007:0000:0A000000}}.{{TAG:0007:0000:0A000000}}. Ça vole pas haut,{{TAG:0007:0000:14000000}} {{TAG:0003:0002:}}HA HA HA !{{TAG:0007:0000:1E000000}}{{TAG:0003:0001:}}","Tu {{TAG:000E:0011:}} {{TAG:0011:0001:0000}} andate molto
d'accordo?{{TAG:0000:0004:}}{{TAG:0003:0025:}}Io e lei... abbastanza.{{TAG:0007:0000:14000000}} Spesso ci
troviamo per fare due chiacchiere.{{TAG:0000:0004:}}{{TAG:0003:0024:}}Per parlare degli argomenti
più stupidi e inutili è la migliore.{{TAG:0007:0000:14000000}}
{{TAG:0003:0002:}}AHAHAH!{{TAG:0007:0000:1E000000}}{{TAG:0003:0001:}}","Verstehst du dich gut mit
{{TAG:0011:0001:0000}}?{{TAG:0000:0004:}}{{TAG:0003:0025:}}Zwischen uns läuft es eigentlich
ganz okay.{{TAG:0007:0000:14000000}} Wir unterhalten uns
ab und zu.
{{TAG:0003:0024:}}Sie lacht auch über die dümmsten
Witze.{{TAG:0007:0000:14000000}} {{TAG:0003:0002:}}{{TAG:0007:000A:}}BWA HA HA HA HA!{{TAG:0007:0000:1E000000}}{{TAG:0003:0001:}}","{{TAG:0011:0001:0000}} ile aran iyi mi?{{TAG:0000:0004:}}{{TAG:0003:0025:}}Bence fena
değil.{{TAG:0007:0000:14000000}} Sık konuşuyoruz.{{TAG:0000:0004:}}{{TAG:0003:0024:}}Saçma şeyler
konuşmak için birebir biri.{{TAG:0007:0000:14000000}} {{TAG:0003:0002:}}GAHAHA!{{TAG:0007:0000:1E000000}}{{TAG:0003:0001:}}"
20,021,"Do you get along well with
{{TAG:0011:0001:0000}}, by any chance?{{TAG:0000:0004:}}{{TAG:0003:0009:}}Us, well,{{TAG:0007:0000:14000000}} we'll say hello if we run
into each other.{{TAG:0000:0004:}}{{TAG:0003:001B:}}She's got her business,{{TAG:0007:0000:14000000}} I got mine,{{TAG:0007:0000:14000000}}
but we don't have much in common.{{TAG:0000:0004:}}.{{TAG:0007:0000:08000000}}.{{TAG:0007:0000:08000000}}.{{TAG:0007:0000:08000000}}{{TAG:0003:0024:}}To be honest, I might not come
off this way,{{TAG:0007:0000:10000000}} {{TAG:0003:0009:}}but I actually have a
fear of strangers,{{TAG:0007:0000:14000000}} {{TAG:0005:0007:}}.","¿Tú qué tal te llevas con
{{TAG:0011:0001:0000}}?{{TAG:0000:0004:}}{{TAG:0003:0009:}}Porque yo con ella,{{TAG:0007:0000:0A000000}} no sé.{{TAG:0000:0004:}}{{TAG:0003:0000:}}Hombre,{{TAG:0007:0000:08000000}} si nos cruzamos,{{TAG:0007:0000:08000000}} nos
saludamos y tal,{{TAG:0007:0000:08000000}} pero poco más.{{TAG:0007:0000:14000000}}
Ella va a lo suyo y yo a lo mío.
Supongo que no tenemos mucho
en común. Salvo la indiferencia
mutua.{{TAG:0007:0000:0C000000}} {{TAG:0003:0002:}}¡Ja, ja, ja!{{TAG:0007:0000:1E000000}}{{TAG:0003:0001:}}","Qu'est-ce que tu penses
{{TAG:000E:000A:0600640065002000040064002700}}{{TAG:0011:0001:0000}} au fait ?{{TAG:0000:0004:}}{{TAG:0003:0009:}}On se dit bonjour quand on se voit{{TAG:0007:0000:0A000000}}.{{TAG:0007:0000:0A000000}}.{{TAG:0007:0000:0A000000}}.{{TAG:0007:0000:14000000}}
mais sinon, on a pas grand-chose à
se raconter, elle et moi.{{TAG:0000:0004:}}{{TAG:0003:0024:}}Déjà que je suis pas très bavard en
temps normal, alors quand je
connais pas trop, {{TAG:0005:0007:}}{{TAG:0007:0000:0A000000}}.{{TAG:0007:0000:0A000000}}.{{TAG:0007:0000:0A000000}}.","Per caso tu {{TAG:000E:0011:}} {{TAG:0011:0001:0000}}
avete un bel rapporto?{{TAG:0000:0004:}}{{TAG:0003:0009:}}Io e lei... beh,{{TAG:0007:0000:14000000}} ci limitiamo
ai convenevoli.{{TAG:0000:0004:}}{{TAG:0003:0000:}}Lei ha gli affari suoi,{{TAG:0007:0000:14000000}} io i miei,{{TAG:0007:0000:14000000}}
e non abbiamo granché in comune.{{TAG:0000:0004:}}.{{TAG:0007:0000:08000000}}.{{TAG:0007:0000:08000000}}.{{TAG:0007:0000:08000000}}{{TAG:0003:0024:}} Vorrei parlarle un po' di più,
ma come sai sono troppo timido,
{{TAG:0007:0000:14000000}}{{TAG:0005:0007:}}.","Kommst du eigentlich mit
{{TAG:0011:0001:0000}} klar?{{TAG:0000:0004:}}{{TAG:0003:0009:}}Ich? {{TAG:0007:0000:14000000}}Wir grüßen uns auf der Straße,
und das war's dann auch.{{TAG:0000:0004:}}{{TAG:0003:0000:}}Es gibt nicht wirklich viele
Berührungspunkte zwischen uns.{{TAG:0007:0000:14000000}}
{{TAG:0003:0024:}}Unter uns gesagt...
Man sieht es mir vielleicht nicht an,
aber ich bin extrem schüchtern,{{TAG:0007:0000:08000000}}
{{TAG:0005:0007:}}.{{TAG:0007:0000:14000000}} {{TAG:0003:0002:}}BWA HA HA HA!","{{TAG:0011:0001:0000}} ile aran iyi mi?{{TAG:0000:0004:}}{{TAG:0003:0009:}}Biz
mi? {{TAG:0007:0000:14000000}}Karşılaşırsak selam veririz.{{TAG:0000:0004:}}{{TAG:0003:001B:}}Onun işi
ayrı,{{TAG:0007:0000:14000000}} benimki ayrı,{{TAG:0007:0000:14000000}} pek ortak yön
yok.{{TAG:0000:0004:}}.{{TAG:0007:0000:08000000}}.{{TAG:0007:0000:08000000}}.{{TAG:0007:0000:08000000}}{{TAG:0003:0024:}}İnanmazsın ama{{TAG:0007:0000:10000000}} {{TAG:0003:0009:}}aslında
yabancılardan biraz
çekinirim,{{TAG:0007:0000:14000000}} {{TAG:0005:0007:}}."
21,022,"Do you get along well with
{{TAG:0011:0001:0000}}, by any chance?{{TAG:0000:0004:}}{{TAG:0003:000F:}}Me?{{TAG:0007:0000:1E000000}} {{TAG:0003:0009:}}I really don't do well with her
type whatsoever.{{TAG:0000:0004:}}{{TAG:0003:0006:}}I mean, it's unbelievable just how
little she understands what I'm
saying, ya know?
{{TAG:0003:000B:}}{{TAG:0007:0000:10000000}}Then again, I really don't understand
what she's saying, either.","¿Tú te entiendes con {{TAG:0011:0001:0000}}?{{TAG:0000:0004:}}{{TAG:0003:000F:}}¡Porque no hay quien la entienda!{{TAG:0007:0000:1E000000}}
{{TAG:0003:0009:}}Vamos,{{TAG:0007:0000:08000000}} a mí es que me parece
de otro planeta.{{TAG:0000:0004:}}{{TAG:0003:0006:}}Lo peor es que ella tampoco me
entiende a mí.{{TAG:0007:0000:14000000}} ¿Adónde vamos
a llegar,{{TAG:0007:0000:08000000}} {{TAG:0005:0007:}}?","T'arrives à discuter avec
{{TAG:0011:0001:0000}}, toi ?{{TAG:0000:0004:}}{{TAG:0003:000F:}}Moi ?{{TAG:0007:0000:1E000000}} {{TAG:0003:0009:}}On peut pas vraiment dire que
le courant passe{{TAG:0007:0000:0A000000}}.{{TAG:0007:0000:0A000000}}.{{TAG:0007:0000:0A000000}}.{{TAG:0000:0004:}}{{TAG:0003:0006:}}Elle me fait toujours répéter quinze
fois ce que je dis,{{TAG:0007:0000:14000000}} moi je comprends
jamais rien à ce qu'elle raconte{{TAG:0007:0000:0A000000}}.{{TAG:0007:0000:0A000000}}.{{TAG:0007:0000:0A000000}}.
{{TAG:0003:001B:}}{{TAG:0007:0000:10000000}}Rien que d'y penser, j'ai mal à la
tête{{TAG:0007:0000:0A000000}}.{{TAG:0007:0000:0A000000}}.{{TAG:0007:0000:0A000000}}. Bah, on peut pas s'entendre
avec tout le monde.","Tu {{TAG:000E:0011:}} {{TAG:0011:0001:0000}} andate
d'accordo?{{TAG:0000:0004:}}{{TAG:0003:000F:}}Io?{{TAG:0007:0000:1E000000}} {{TAG:0003:0009:}}No, guarda, io e lei siamo
proprio di due pianeti diversi.{{TAG:0000:0004:}}{{TAG:0003:0006:}}Cioè, è incredibile quanto poco
capisca di quello che dico. Non ha
proprio idea di come funziono!
{{TAG:0003:000B:}}{{TAG:0007:0000:10000000}}Beh, nemmeno io capisco niente
quando apre bocca.","Wie ist eigentlich dein Verhältnis
zu {{TAG:0011:0001:0000}}?{{TAG:0000:0004:}}{{TAG:0003:000F:}}Warum?{{TAG:0007:0000:1E000000}} {{TAG:0003:0009:}}Ich sag's mal so, diese
Person ist mir ein absolutes Rätsel.{{TAG:0000:0004:}}{{TAG:0003:0006:}}Man könnte meinen, wir sprechen
zwei völlig verschiedene Sprachen!{{TAG:0000:0004:}}{{TAG:0003:000B:}}{{TAG:0007:0000:10000000}}Ich habe nicht den Hauch einer
Ahnung, was in ihrem Kopf so
vorgeht.","{{TAG:0011:0001:0000}} ile aran iyi mi?{{TAG:0000:0004:}}{{TAG:0003:000F:}}Ben mi?{{TAG:0007:0000:1E000000}} {{TAG:0003:0009:}}Onun
tipindeki biriyle hiç anlaşamıyorum.{{TAG:0000:0004:}}{{TAG:0003:0006:}}Ne
dediğimi o anlamıyor, akıl alır
gibi değil. {{TAG:0003:000B:}}{{TAG:0007:0000:10000000}}Gerçi ben de onun
ne dediğini anlamıyorum."
22,023,"Hey, {{TAG:0003:0017:}}do you think something's off
with {{TAG:0011:0001:0000}}?{{TAG:0000:0004:}}{{TAG:0003:0009:}}She rarely gives me a real hello,{{TAG:0007:0000:14000000}}
but just a minute ago she was
smiling and waving at me!
{{TAG:0003:000A:}}I absolutely don't understand what
she's thinking,{{TAG:0007:0000:14000000}} {{TAG:0005:0007:}}.","¿Tú sabes si a {{TAG:0011:0001:0000}} le ha
tocado la lotería o algo?{{TAG:0000:0004:}}{{TAG:0003:0009:}}Normalmente ni me saluda,{{TAG:0007:0000:0A000000}} y hace
un minuto me estaba dando palique,
toda sonrisas ella.
{{TAG:0003:0024:}}Yo no sé qué se le pasa a esta chica
por la cabeza,{{TAG:0007:0000:0A000000}} {{TAG:0005:0007:}}.","Qu'est-ce qui lui arrive à
{{TAG:0011:0001:0000}} ? On nous l'a changée ou
quoi ?{{TAG:0000:0004:}}{{TAG:0003:0009:}}D'habitude, c'est à peine si elle me
dit bonjour, et là : {{TAG:0007:0000:0A000000}}grand sourire,
vas-y que je te tape dans le dos !
{{TAG:0003:001B:}}Elle a dû me confondre avec
quelqu'un, {{TAG:0005:0007:}}{{TAG:0007:0000:0A000000}}.{{TAG:0007:0000:0A000000}}.{{TAG:0007:0000:0A000000}}.","Di' un po', sai per caso se
ultimamente {{TAG:000E:0010:}} {{TAG:0011:0001:0000}}
è successo qualcosa di bello?{{TAG:0000:0004:}}{{TAG:0003:0009:}}No, perché di solito non mi calcola{{TAG:0007:0000:14000000}}
e invece oggi mi ha visto e mi ha
salutato... Mi ha persino sorriso!
{{TAG:0003:0024:}}Chi la capisce è bravo,{{TAG:0007:0000:14000000}}
{{TAG:0005:0007:}}.","Hat {{TAG:0011:0001:0000}} eigentlich im Lotto
gewonnen oder so?{{TAG:0000:0004:}}{{TAG:0003:0009:}}Sonst grüßt sie mich nicht einmal
anständig, aber gerade hat sie mir
mit breitem Lächeln zugewinkt!
{{TAG:0003:0006:}}Wie die tickt, ist mir ein
Rätsel,{{TAG:0007:0000:08000000}} {{TAG:0005:0007:}}.","Hey, {{TAG:0003:0017:}}{{TAG:0011:0001:0000}}'de bir tuhaflık var
mı sence?{{TAG:0000:0004:}}{{TAG:0003:0009:}}Normalde doğru düzgün selam
vermez,{{TAG:0007:0000:14000000}} ama az önce gülümseyip el
salladı! {{TAG:0003:000A:}}Ne düşündüğünü hiç
çözemiyorum,{{TAG:0007:0000:14000000}} {{TAG:0005:0007:}}."
