entry,label,EN,ES,FR,IT,DE,TRANSLATION
0,001,"{{TAG:0003:000F:}}Oh!{{TAG:0007:0000:08000000}} You really think so?{{TAG:0007:0000:1E000000}} {{TAG:0003:0001:}}If you do,{{TAG:0007:0000:14000000}}
I think I'll just go ahead{{TAG:0007:0000:08000000}} and do that!","{{TAG:0003:000F:}}¡Vaya!{{TAG:0007:0000:08000000}} ¿En serio?{{TAG:0007:0000:1E000000}} {{TAG:0003:000B:}}Pues si me lo
dices con tanta convicción,{{TAG:0007:0000:08000000}} igual
me animo{{TAG:0007:0000:08000000}}.{{TAG:0007:0000:08000000}}.{{TAG:0007:0000:08000000}}.{{TAG:0007:0000:08000000}} Venga,{{TAG:0007:0000:08000000}} {{TAG:0003:0015:}}sí,{{TAG:0007:0000:08000000}} ¡me mudo!{{TAG:0007:0000:08000000}}{{TAG:0003:0001:}}","{{TAG:0003:000F:}}Oh,{{TAG:0007:0000:08000000}} tu crois vraiment ?{{TAG:0007:0000:1E000000}} {{TAG:0003:0001:}}Dans ce cas,{{TAG:0007:0000:14000000}}
je vais venir{{TAG:0007:0000:08000000}} m'installer ici.","{{TAG:0003:000F:}}Cavoli!{{TAG:0007:0000:08000000}} Sul serio?{{TAG:0007:0000:1E000000}} {{TAG:0003:0001:}}Beh, allora{{TAG:0007:0000:14000000}}
penso proprio che{{TAG:0007:0000:08000000}} mi trasferirò!","{{TAG:0003:000F:}}Ach ja?{{TAG:0007:0000:1E000000}} {{TAG:0003:0023:}}Dann hat deine Stadt{{TAG:0007:0000:14000000}}
bald einen illustren Einwohner mehr.
Oder überhaupt einen... {{TAG:0007:0000:14000000}}{{TAG:0003:0002:}}Bwa ha ha!{{TAG:0007:0000:1E000000}}{{TAG:0003:0001:}}","{{TAG:0003:000F:}}Oo!{{TAG:0007:0000:08000000}} Gerçekten öyle mi düşünüyorsun?{{TAG:0007:0000:1E000000}} {{TAG:0003:0001:}}Öyle diyorsan{{TAG:0007:0000:14000000}}
ben de yapayım gitsin!{{TAG:0007:0000:08000000}}"
1,002,"{{TAG:0003:0005:}}All right! {{TAG:0007:0000:14000000}}Then it's settled!{{TAG:0007:0000:1E000000}} {{TAG:0003:0001:}}I'm going
to move here to {{TAG:0005:0005:}}!","{{TAG:0003:0005:}}¡Excelente! {{TAG:0007:0000:14000000}}Pues no se hable más,{{TAG:0007:0000:0C000000}}
{{TAG:0003:0001:}}¡me mudo a {{TAG:000E:0003:}}{{TAG:0005:0005:}}!","{{TAG:0003:0005:}}OK, {{TAG:0007:0000:14000000}}c'est décidé.{{TAG:0007:0000:1E000000}} {{TAG:0003:0001:}}Je vais venir
habiter à {{TAG:0005:0005:}}.","{{TAG:0003:0005:}}Evvai! {{TAG:0007:0000:14000000}}Allora è deciso!{{TAG:0007:0000:1E000000}}
{{TAG:0003:0001:}}Trasloco qui {{TAG:000E:0010:}} {{TAG:0005:0005:}}!","{{TAG:0003:0023:}}Alles klar, dann ziehe ich nach
{{TAG:0005:0005:}}!{{TAG:0007:0000:14000000}} Du wirst es nicht
bereuen!{{TAG:0007:0000:14000000}} Vermutlich...","{{TAG:0003:0005:}}Pekâlâ! {{TAG:0007:0000:14000000}}O zaman karar verildi!{{TAG:0007:0000:1E000000}} {{TAG:0003:0001:}}{{TAG:0005:0005:}}
kasabasına taşınıyorum!"
2,003,"{{TAG:0003:000F:}}Do you really think I should?{{TAG:0007:0001:}}
{{TAG:0003:0001:}}Then I've decided to move to
{{TAG:0005:0005:}} right away!","{{TAG:0003:000F:}}¿Crees que debería mudarme
a {{TAG:000E:0003:}}{{TAG:0005:0005:}},{{TAG:0007:0000:08000000}} en serio?{{TAG:0007:0001:}}
{{TAG:0003:0026:}}¡Pues te voy a hacer caso!","{{TAG:0003:000F:}}Tu crois vraiment que je devrais ?{{TAG:0007:0001:}}
{{TAG:0003:0001:}}D'accord, je vais emménager à
{{TAG:0005:0005:}} !","{{TAG:0003:000F:}}Dici sul serio?{{TAG:0007:0001:}} {{TAG:0003:0001:}}Mi hai già convinto!
Mi trasferisco {{TAG:000E:0010:}} {{TAG:0005:0005:}}
immediatamente!","{{TAG:0003:000F:}}Denkst du wirklich?{{TAG:0007:0000:1E000000}} {{TAG:0003:0023:}}Das ist gut für
dich, denn mein Zeug ist schon
längst unterwegs nach {{TAG:0005:0005:}}!","{{TAG:0003:000F:}}Sence gerçekten taşınmalı mıyım?{{TAG:0007:0001:}}
{{TAG:0003:0001:}}O zaman hemen
{{TAG:0005:0005:}} kasabasına taşınmaya karar verdim!"
3,004,"{{TAG:0003:000B:}}{{TAG:0007:0000:10000000}}Hmmmm{{TAG:0007:0000:08000000}}.{{TAG:0007:0000:08000000}}.{{TAG:0007:0000:08000000}}.{{TAG:0007:0000:14000000}} Now that I think of it,{{TAG:0007:0000:08000000}}
moving is actually a huge pain{{TAG:0007:0000:08000000}}.{{TAG:0007:0000:08000000}}.{{TAG:0007:0000:08000000}}.
{{TAG:0003:0009:}}I think I'll pass for now.","{{TAG:0003:000B:}}{{TAG:0007:0000:10000000}}Mmm{{TAG:0007:0000:08000000}}.{{TAG:0007:0000:08000000}}.{{TAG:0007:0000:08000000}}.{{TAG:0007:0000:14000000}} Pensándolo bien,{{TAG:0007:0000:08000000}} una
mudanza es un auténtico tostón{{TAG:0007:0000:08000000}}.{{TAG:0007:0000:08000000}}.{{TAG:0007:0000:08000000}}.{{TAG:0000:0004:}}{{TAG:0003:0009:}}Creo que por ahora mejor me quedo
como estoy.","{{TAG:0003:000B:}}{{TAG:0007:0000:10000000}}Hmmm{{TAG:0007:0000:08000000}}.{{TAG:0007:0000:08000000}}.{{TAG:0007:0000:08000000}}.{{TAG:0007:0000:14000000}} Maintenant que j'y pense,{{TAG:0007:0000:08000000}}
déménager, c'est l'horreur{{TAG:0007:0000:08000000}}.{{TAG:0007:0000:08000000}}.{{TAG:0007:0000:08000000}}. {{TAG:0003:0009:}}On
verra ça plus tard.","{{TAG:0003:000B:}}{{TAG:0007:0000:10000000}}Mmmmh{{TAG:0007:0000:08000000}}.{{TAG:0007:0000:08000000}}.{{TAG:0007:0000:08000000}}.{{TAG:0007:0000:14000000}} Ora che ci penso,{{TAG:0007:0000:08000000}}
i traslochi danno sempre
un gran daffare{{TAG:0007:0000:08000000}}.{{TAG:0007:0000:08000000}}.{{TAG:0007:0000:08000000}}.
{{TAG:0003:0009:}}Guarda, per stavolta passo.","{{TAG:0003:000B:}}{{TAG:0007:0000:10000000}}So ein Umzug ist furchtbar stressig.{{TAG:0007:0000:14000000}}
{{TAG:0003:001B:}}Bis man genug Leute zum Schleppen
beisammen hat...{{TAG:0007:0000:14000000}} Ich lass es lieber!","{{TAG:0003:000B:}}{{TAG:0007:0000:10000000}}Hımmmm{{TAG:0007:0000:08000000}}.{{TAG:0007:0000:08000000}}.{{TAG:0007:0000:08000000}}.{{TAG:0007:0000:14000000}} Şimdi düşününce{{TAG:0007:0000:08000000}}
taşınmak tam bir baş ağrısı{{TAG:0007:0000:08000000}}.{{TAG:0007:0000:08000000}}.{{TAG:0007:0000:08000000}}.
{{TAG:0003:0009:}}Şimdilik pas geçeyim."
4,005,"{{TAG:0003:000D:}}Wait. {{TAG:0007:0000:14000000}}This is something requiring
a lot of thought{{TAG:0007:0000:08000000}}.{{TAG:0007:0000:08000000}}.{{TAG:0007:0000:08000000}}.{{TAG:0007:0001:}} {{TAG:0003:0009:}}I'd better pass for
now,{{TAG:0007:0000:14000000}} {{TAG:0005:0007:}}!","{{TAG:0003:000D:}}Espera. {{TAG:0007:0000:14000000}}Esta decisión no la puedo
tomar precipitadamente{{TAG:0007:0000:08000000}}.{{TAG:0007:0000:08000000}}.{{TAG:0007:0000:08000000}}.{{TAG:0000:0004:}}{{TAG:0003:0009:}}Creo que necesito más tiempo
para pensarlo,{{TAG:0007:0000:0C000000}} ¡{{TAG:0005:0007:}}!","{{TAG:0003:000D:}}Attends, {{TAG:0007:0000:14000000}}c'est une décision difficile
à prendre{{TAG:0007:0000:08000000}}.{{TAG:0007:0000:08000000}}.{{TAG:0007:0000:08000000}}.{{TAG:0007:0001:}} {{TAG:0003:0009:}}Je passe pour l'instant,
{{TAG:0007:0000:14000000}}{{TAG:0005:0007:}} !","{{TAG:0003:000D:}}Aspetta! {{TAG:0007:0000:14000000}}Mica posso decidere così
su due piedi{{TAG:0007:0000:08000000}}.{{TAG:0007:0000:08000000}}.{{TAG:0007:0000:08000000}}.{{TAG:0007:0001:}} {{TAG:0003:0009:}}Meglio che ci pensi
bene,{{TAG:0007:0000:14000000}} {{TAG:0005:0007:}}! Per ora... no!","{{TAG:0003:000D:}}Moment. {{TAG:0007:0000:14000000}}So ein Umzug will gut
überlegt sein!{{TAG:0007:0000:1E000000}} {{TAG:0003:0006:}}Ich glaube, wir lassen
das fürs Erste,{{TAG:0007:0000:14000000}} {{TAG:0005:0007:}}!","{{TAG:0003:000D:}}Dur bakalım. {{TAG:0007:0000:14000000}}Bu iyice düşünülmesi
gereken bir mesele{{TAG:0007:0000:08000000}}.{{TAG:0007:0000:08000000}}.{{TAG:0007:0000:08000000}}.{{TAG:0007:0001:}} {{TAG:0003:0009:}}Şimdilik vazgeçsem
iyi olacak,{{TAG:0007:0000:14000000}} {{TAG:0005:0007:}}!"
5,006,"{{TAG:0003:000B:}}{{TAG:0007:0000:10000000}}Actually, {{TAG:0007:0000:14000000}}I have a lot of friends back
home where I'm living now{{TAG:0007:0000:08000000}}.{{TAG:0007:0000:08000000}}.{{TAG:0007:0000:08000000}}.{{TAG:0007:0001:}} {{TAG:0003:0025:}}I'll pass
on moving then,{{TAG:0007:0000:14000000}} {{TAG:0005:0007:}}!","{{TAG:0003:000B:}}{{TAG:0007:0000:10000000}}En realidad,{{TAG:0007:0000:0C000000}} donde vivo ahora tengo
muchos amigos{{TAG:0007:0000:08000000}}.{{TAG:0007:0000:08000000}}.{{TAG:0007:0000:08000000}}.{{TAG:0007:0001:}} {{TAG:0003:0025:}}¡No me quiero
mudar,{{TAG:0007:0000:0C000000}} {{TAG:0005:0007:}}!","{{TAG:0003:000B:}}{{TAG:0007:0000:10000000}}En fait, {{TAG:0007:0000:14000000}}j'ai plein d'amis là où je
vis{{TAG:0007:0000:08000000}}.{{TAG:0007:0000:08000000}}.{{TAG:0007:0000:08000000}}.{{TAG:0007:0001:}} {{TAG:0003:0025:}}Je vais pas déménager tout de
suite.{{TAG:0007:0000:14000000}} {{TAG:000E:0003:}}{{TAG:0005:0007:}} !","{{TAG:0003:000B:}}{{TAG:0007:0000:10000000}}In realtà {{TAG:0007:0000:14000000}}ho parecchi amici nella
città da dove vengo{{TAG:0007:0000:08000000}}.{{TAG:0007:0000:08000000}}.{{TAG:0007:0000:08000000}}.{{TAG:0007:0001:}} {{TAG:0003:0025:}}Mi sa che
è meglio che resti là,{{TAG:0007:0000:14000000}} {{TAG:0005:0007:}}!","{{TAG:0003:000B:}}Dann wiederum... {{TAG:0007:0000:10000000}}Wo ich jetzt
wohne, wäre es vielen plötzlich
zu normal ohne mich.
{{TAG:0003:0028:}}Ich zieh besser doch nicht um,
{{TAG:0007:0000:14000000}}{{TAG:0005:0007:}}.","{{TAG:0003:000B:}}{{TAG:0007:0000:10000000}}Aslında, {{TAG:0007:0000:14000000}}şu an yaşadığım yerde bir sürü
dostum var{{TAG:0007:0000:08000000}}.{{TAG:0007:0000:08000000}}.{{TAG:0007:0000:08000000}}.{{TAG:0007:0001:}} {{TAG:0003:0025:}}O yüzden taşınmayı pas
geçiyorum,{{TAG:0007:0000:14000000}} {{TAG:0005:0007:}}!"
6,007,"{{TAG:0003:000B:}}{{TAG:0007:0000:10000000}}Hmmm. {{TAG:0007:0000:14000000}}I can't make up my mind{{TAG:0007:0000:08000000}}.{{TAG:0007:0000:08000000}}.{{TAG:0007:0000:08000000}}.{{TAG:0007:0001:}}
{{TAG:0003:0000:}}{{TAG:0003:0017:}}How about we decide this by
playing a game?!
{{TAG:0003:0006:}}If you win, {{TAG:0007:0000:14000000}}I'll move.{{TAG:0007:0000:1E000000}}
But {{TAG:0007:0000:08000000}}if you lose{{TAG:0007:0000:08000000}}.{{TAG:0007:0000:08000000}}.{{TAG:0007:0000:08000000}}.{{TAG:0000:0004:}}{{TAG:0003:0024:}}I'll go ahead and take your
{{TAG:0011:0003:0000}} home
as a little souvenir!{{TAG:0008:0005:190000000A000000}}
You're on!
No, that's OK...","{{TAG:0003:000B:}}{{TAG:0007:0000:10000000}}Mmm. {{TAG:0007:0000:14000000}}Pues ahora no sé qué hacer{{TAG:0007:0000:08000000}}.{{TAG:0007:0000:08000000}}.{{TAG:0007:0000:08000000}}.{{TAG:0007:0001:}}
{{TAG:0003:0017:}}¿Y si lo decidimos a suertes?{{TAG:0000:0004:}}Haremos un juego.{{TAG:0007:0000:14000000}}
{{TAG:0003:0006:}}Si ganas,{{TAG:0007:0000:0C000000}} me mudo.{{TAG:0000:0004:}}Pero si pierdes{{TAG:0007:0000:08000000}}.{{TAG:0007:0000:08000000}}.{{TAG:0007:0000:08000000}}.{{TAG:0007:0000:0C000000}}
{{TAG:0003:0024:}}¡Cojo tu {{TAG:0011:0003:0000}}
y me l{{TAG:000E:0012:100002006F00020061000000}} llevo de recuerdo!{{TAG:0008:0005:190000000A000000}}
¡Vamos a jugar!
Déjalo estar...","{{TAG:0003:000B:}}{{TAG:0007:0000:10000000}}Hmm, {{TAG:0007:0000:14000000}}je n'arrive pas à me décider{{TAG:0007:0000:08000000}}.{{TAG:0007:0000:08000000}}.{{TAG:0007:0000:08000000}}.{{TAG:0007:0001:}}
{{TAG:0003:0000:}}Oh je sais, on n'a qu'à jouer à un
jeu,{{TAG:0003:0006:}} et si tu gagnes,{{TAG:0007:0000:14000000}} je déménage.
Mais {{TAG:0007:0000:08000000}}si tu perds{{TAG:0007:0000:08000000}}.{{TAG:0007:0000:08000000}}.{{TAG:0007:0000:08000000}}. {{TAG:0003:0024:}}{{TAG:000E:0008:00CD100074006F006E0020006A006F006C00690010007400610020006A006F006C00690065000000}}
{{TAG:0011:0003:0000}} est à moi !{{TAG:0008:0005:190000000A000000}}
Ça marche !
Non, je préfère pas...","{{TAG:0003:000B:}}{{TAG:0007:0000:10000000}}Mmmh, {{TAG:0007:0000:14000000}}non riesco a decidere{{TAG:0007:0000:08000000}}.{{TAG:0007:0000:08000000}}.{{TAG:0007:0000:08000000}}.{{TAG:0007:0001:}}
{{TAG:0003:0000:}}{{TAG:0003:0017:}}Che ne dici se ce la giochiamo?{{TAG:0000:0004:}}{{TAG:0003:0006:}}Se vinci tu, {{TAG:0007:0000:14000000}}mi trasferisco.{{TAG:0007:0000:1E000000}}
Ma {{TAG:0007:0000:08000000}}se perdi{{TAG:0007:0000:08000000}}.{{TAG:0007:0000:08000000}}.{{TAG:0007:0000:08000000}}.{{TAG:0000:0004:}}{{TAG:0003:0024:}}... dovrai regalarmi {{TAG:000E:0008:00CD0C0069006C002000740075006F000C006C006100200074007500610002003000}}
{{TAG:0011:0003:0000}}!{{TAG:0008:0005:190000000A000000}}
Ci sto!
Meglio lasciar perdere.","{{TAG:0003:000B:}}{{TAG:0007:0000:10000000}}Hmmm... {{TAG:0007:0000:14000000}}Ich weiß einfach nicht...{{TAG:0007:0000:1E000000}}
{{TAG:0003:0000:}}{{TAG:0003:0017:}}Wie wäre es, wenn wir ein Spiel
entscheiden lassen?
{{TAG:0003:0006:}}Wenn du gewinnst, ziehe ich um.{{TAG:0007:0000:14000000}}
Aber wenn du verlierst...{{TAG:0000:0004:}}{{TAG:0003:0023:}}Tja, dann kriege ich {{TAG:000E:0008:00CD0C006400650069006E0065006E000A006400650069006E00650008006400650069006E00}}
{{TAG:0011:0003:0000}} als
kleines Souvenir!{{TAG:0008:0005:190000000A000000}}
So machen wir's!
Nö, das lassen wir mal...","{{TAG:0003:000B:}}{{TAG:0007:0000:10000000}}Hımm. {{TAG:0007:0000:14000000}}Karar veremiyorum{{TAG:0007:0000:08000000}}.{{TAG:0007:0000:08000000}}.{{TAG:0007:0000:08000000}}.{{TAG:0007:0001:}}
{{TAG:0003:0000:}}{{TAG:0003:0017:}}Bunu bir oyunla çözmeye ne dersin?!
{{TAG:0003:0006:}}Sen kazanırsan {{TAG:0007:0000:14000000}}taşınırım.{{TAG:0007:0000:1E000000}}
Ama {{TAG:0007:0000:08000000}}sen kaybedersen{{TAG:0007:0000:08000000}}.{{TAG:0007:0000:08000000}}.{{TAG:0007:0000:08000000}}.{{TAG:0000:0004:}}{{TAG:0003:0024:}}senin
{{TAG:0011:0003:0000}} eşyanı küçük bir hatıra diye
eve götürürüm!{{TAG:0008:0005:190000000A000000}}
Varım!
Yok, kalsın..."
7,008,"{{TAG:0003:000B:}}{{TAG:0007:0000:10000000}}That's nice of you, but it's so hard
to decide{{TAG:0007:0000:08000000}}.{{TAG:0007:0000:08000000}}.{{TAG:0007:0000:08000000}}.{{TAG:0007:0001:}} {{TAG:0003:0005:}}All right, {{TAG:0007:0000:14000000}}let's settle this{{TAG:0007:0000:1E000000}}
by playing a game!
{{TAG:0003:0006:}}If you win, {{TAG:0007:0000:14000000}}I'll move here.{{TAG:0007:0000:1E000000}}
However, if you lose{{TAG:0007:0000:08000000}}.{{TAG:0007:0000:08000000}}.{{TAG:0007:0000:08000000}}.{{TAG:0000:0004:}}{{TAG:0003:0024:}}well then, I'll just take home
your {{TAG:0011:0003:0000}} as a
little souvenir of sorts.
So what do you say?{{TAG:0008:0005:190000000B000000}}
I accept!
On second thought...","{{TAG:0003:000B:}}{{TAG:0007:0000:10000000}}Eres muy amable,{{TAG:0007:0000:08000000}} pero no sé qué
hacer{{TAG:0007:0000:08000000}}.{{TAG:0007:0000:08000000}}.{{TAG:0007:0000:08000000}}.{{TAG:0007:0001:}} {{TAG:0003:0000:}}Creo que lo mejor será
{{TAG:0003:0006:}}decidirlo con un juego.
{{TAG:0003:0024:}}Si ganas,{{TAG:0007:0000:0C000000}} me mudo aquí.{{TAG:0007:0000:1E000000}}
Pero como pierdas{{TAG:0007:0000:08000000}}.{{TAG:0007:0000:08000000}}.{{TAG:0007:0000:08000000}}.{{TAG:0007:0000:08000000}}
Como pierdas{{TAG:0007:0000:08000000}}.{{TAG:0007:0000:08000000}}.{{TAG:0007:0000:08000000}}.
{{TAG:0003:0006:}}¡Me llevo a casa de recuerdo
tu {{TAG:0011:0003:0000}}!{{TAG:0007:0000:1E000000}}
¡Por todo el morro!
¿Qué te parece el plan?{{TAG:0008:0005:190000000B000000}}
¡Acepto!
Pensándolo mejor...","{{TAG:0003:000B:}}{{TAG:0007:0000:10000000}}C'est pas une décision facile à
prendre{{TAG:0007:0000:08000000}}.{{TAG:0007:0000:08000000}}.{{TAG:0007:0000:08000000}}.{{TAG:0007:0001:}} {{TAG:0003:0005:}}OK, {{TAG:0007:0000:14000000}}je sais !{{TAG:0007:0000:1E000000}} Jouons à un
jeu.
{{TAG:0003:0006:}}Si tu gagnes, {{TAG:0007:0000:14000000}}je m'installerai ici.{{TAG:0007:0000:1E000000}}
Mais si tu perds{{TAG:0007:0000:08000000}}.{{TAG:0007:0000:08000000}}.{{TAG:0007:0000:08000000}}.{{TAG:0000:0004:}}{{TAG:0003:0024:}}... {{TAG:000E:0001:}}{{TAG:0011:0003:0000}} que
tu possèdes est à moi. Qu'est-ce
que t'en dis ?{{TAG:0008:0005:190000000B000000}}
D'accord !
En fait, non...","{{TAG:0003:000B:}}{{TAG:0007:0000:10000000}}Uffa, non riesco a prendere
una decisione{{TAG:0007:0000:08000000}}.{{TAG:0007:0000:08000000}}.{{TAG:0007:0000:08000000}}.{{TAG:0007:0001:}} {{TAG:0003:0005:}}OK! {{TAG:0007:0000:14000000}}Ho trovato!{{TAG:0007:0000:1E000000}}
Decidiamo con un gioco!
{{TAG:0003:0006:}}Se vinci, {{TAG:0007:0000:14000000}}mi trasferisco.{{TAG:0007:0000:1E000000}}
Ma se perdi{{TAG:0007:0000:08000000}}.{{TAG:0007:0000:08000000}}.{{TAG:0007:0000:08000000}}.{{TAG:0000:0004:}}{{TAG:0003:0024:}}... mi porto a casa {{TAG:000E:0008:00CD0C0069006C002000740075006F000C006C006100200074007500610002003000}}
{{TAG:0011:0003:0000}} come
souvenir. Che ne dici?{{TAG:0008:0005:190000000B000000}}
Ci sto!
Facciamo di no...","{{TAG:0003:000D:}}Argh! {{TAG:0007:0000:14000000}}Ich weiß nicht, was ich
machen soll!{{TAG:0007:0000:14000000}} {{TAG:0003:0007:}}Können wir das nicht
durch ein Spiel entscheiden?!
{{TAG:0003:0006:}}Wenn du gewinnst, packe ich meinen
Kram und ziehe um.{{TAG:0007:0000:14000000}} Aber wenn
ich gewinne...{{TAG:0000:0004:}}{{TAG:0003:0023:}}Dann kriege ich als Souvenir
{{TAG:000E:0008:00CD0C006400650069006E0065006E000A006400650069006E00650008006400650069006E00}} {{TAG:0011:0003:0000}}!{{TAG:0007:0000:14000000}}
Na, was sagst du?{{TAG:0008:0005:190000000B000000}}
Einverstanden!
Das ist keine gute Idee...","{{TAG:0003:000B:}}{{TAG:0007:0000:10000000}}Naziksin ama karar vermek zor{{TAG:0007:0000:08000000}}.{{TAG:0007:0000:08000000}}.{{TAG:0007:0000:08000000}}.{{TAG:0007:0001:}} {{TAG:0003:0005:}}Pekâlâ,
{{TAG:0007:0000:14000000}}bunu bir oyunla çözelim!{{TAG:0007:0000:1E000000}}
{{TAG:0003:0006:}}Sen kazanırsan {{TAG:0007:0000:14000000}}buraya taşınırım.{{TAG:0007:0000:1E000000}}
Ama sen kaybedersen{{TAG:0007:0000:08000000}}.{{TAG:0007:0000:08000000}}.{{TAG:0007:0000:08000000}}.{{TAG:0000:0004:}}{{TAG:0003:0024:}}senin {{TAG:0011:0003:0000}}
eşyanı küçük bir hatıra diye
eve götürürüm.
Ne dersin?{{TAG:0008:0005:190000000B000000}}
Kabul!
Bir daha düşüneyim..."
8,009,"{{TAG:0003:000D:}}Wait.{{TAG:0007:0000:08000000}} Just gimme a moment{{TAG:0007:0000:08000000}}.{{TAG:0007:0000:08000000}}.{{TAG:0007:0000:08000000}}.{{TAG:0007:0000:14000000}}
Suddenly I'm unsure of what to do{{TAG:0007:0000:08000000}}.{{TAG:0007:0000:08000000}}.{{TAG:0007:0000:08000000}}.{{TAG:0000:0004:}}{{TAG:0003:0005:}}At times like this,{{TAG:0007:0000:14000000}} the best course
of action is to decide things by
playing a game!{{TAG:0000:0004:}}{{TAG:0003:0006:}}If you win, {{TAG:0007:0000:14000000}}I'll move here.{{TAG:0007:0000:1E000000}}
But {{TAG:0007:0000:08000000}}if you lose{{TAG:0007:0000:08000000}}.{{TAG:0007:0000:08000000}}.{{TAG:0007:0000:08000000}}.{{TAG:0000:0004:}}{{TAG:0003:0024:}}then I'll just take home your
{{TAG:0011:0003:0000}} as a
special souvenir!{{TAG:0008:0005:190000000C000000}}
OK!
I'll pass...","{{TAG:0003:000D:}}Un momento,{{TAG:0007:0000:08000000}} no nos precipitemos{{TAG:0007:0000:08000000}}.{{TAG:0007:0000:08000000}}.{{TAG:0007:0000:08000000}}.{{TAG:0007:0000:14000000}}
Ahora me has dejado que no sé qué
hacer{{TAG:0007:0000:08000000}}.{{TAG:0007:0000:08000000}}.{{TAG:0007:0000:08000000}}.{{TAG:0000:0004:}}En mis tiempos{{TAG:0007:0000:08000000}} {{TAG:0003:0015:}}estas cosas las
decidíamos con un buen juego,{{TAG:0007:0000:08000000}}
¡sí señor!
{{TAG:0003:0006:}}Así,{{TAG:0007:0000:08000000}} si ganas,{{TAG:0007:0000:08000000}} te sales con la tuya y
yo me mudo.{{TAG:0007:0000:1E000000}} {{TAG:0003:001C:}}Ahora,{{TAG:0007:0000:08000000}} como pierdas{{TAG:0007:0000:08000000}}.{{TAG:0007:0000:08000000}}.{{TAG:0007:0000:08000000}}.{{TAG:0000:0004:}}{{TAG:0003:0024:}}Como pierdas,{{TAG:0007:0000:08000000}} agarro tu
{{TAG:0011:0003:0000}} y
no l{{TAG:000E:0012:100002006F00020061000000}} vuelves a ver,{{TAG:0007:0000:08000000}} ¡ea!{{TAG:0008:0005:190000000C000000}}
¡Trato hecho!
No, gracias, generoso...","{{TAG:0003:000D:}}Attends une seconde{{TAG:0007:0000:08000000}}.{{TAG:0007:0000:08000000}}.{{TAG:0007:0000:08000000}}.{{TAG:0007:0000:14000000}} Je sais pas
trop quoi faire{{TAG:0007:0000:08000000}}.{{TAG:0007:0000:08000000}}.{{TAG:0007:0000:08000000}}.{{TAG:0000:0004:}}{{TAG:0003:0016:}}Je sais !{{TAG:0007:0000:14000000}} On a qu'à jouer à un jeu !{{TAG:0000:0004:}}{{TAG:0003:0006:}}Si tu gagnes, {{TAG:0007:0000:14000000}}je m'installerai ici.{{TAG:0007:0000:1E000000}}
Mais {{TAG:0007:0000:08000000}}si tu perds{{TAG:0007:0000:08000000}}.{{TAG:0007:0000:08000000}}.{{TAG:0007:0000:08000000}}.{{TAG:0000:0004:}}{{TAG:0003:0024:}}... {{TAG:000E:0001:}}{{TAG:0011:0003:0000}} que
tu possèdes est à moi et rien qu'à
moi. Qu'est-ce que t'en dis ?{{TAG:0008:0005:190000000C000000}}
OK !
Je passe.","{{TAG:0003:000D:}}Aspetta...{{TAG:0007:0000:08000000}} Dammi un secondo per
pensare{{TAG:0007:0000:08000000}}.{{TAG:0007:0000:08000000}}.{{TAG:0007:0000:08000000}}.{{TAG:0007:0000:14000000}} Non so mica cosa fare!{{TAG:0000:0004:}}{{TAG:0003:0005:}}Sai che ti dico?{{TAG:0007:0000:14000000}}
Meglio decidere giocando!{{TAG:0000:0004:}}{{TAG:0003:0006:}}Se vinci, {{TAG:0007:0000:14000000}}mi trasferisco.{{TAG:0007:0000:1E000000}}
Ma {{TAG:0007:0000:08000000}}se perdi{{TAG:0007:0000:08000000}}.{{TAG:0007:0000:08000000}}.{{TAG:0007:0000:08000000}}.{{TAG:0000:0004:}}{{TAG:0003:0024:}}... mi porto a casa 
{{TAG:000E:0008:00CD0C0069006C002000740075006F000C006C006100200074007500610002003000}} {{TAG:0011:0003:0000}} come
souvenir della città!{{TAG:0008:0005:190000000C000000}}
OK!
Ehm... no.","{{TAG:0003:000D:}}Argh!{{TAG:0007:0000:14000000}} Ich brauch noch 'nen Moment!{{TAG:0007:0000:14000000}}
Ich weiß gerade überhaupt nicht
mehr, was ich jetzt machen soll...
{{TAG:0003:0007:}}Das bringt so nichts!{{TAG:0007:0000:14000000}} Da können wir
genauso gut ein Spiel entscheiden
lassen.
{{TAG:0003:0006:}}Also dann, {{TAG:0007:0000:08000000}}wenn du gewinnst, ziehe
ich um. {{TAG:0007:0000:14000000}}Wenn du verlierst, gehört
{{TAG:000E:0008:00CD08006400650069006E000A006400650069006E00650008006400650069006E00}} {{TAG:0011:0003:0000}} mir!{{TAG:0000:0004:}}Da hast du eindeutig mehr zu
gewinnen!{{TAG:0008:0005:190000000C000000}}
So machen wir's!
Lieber nicht...","{{TAG:0003:000D:}}Dur.{{TAG:0007:0000:08000000}} Bir dakika ver{{TAG:0007:0000:08000000}}.{{TAG:0007:0000:08000000}}.{{TAG:0007:0000:08000000}}.{{TAG:0007:0000:14000000}}
Birden ne yapacağımı şaşırdım{{TAG:0007:0000:08000000}}.{{TAG:0007:0000:08000000}}.{{TAG:0007:0000:08000000}}.{{TAG:0000:0004:}}{{TAG:0003:0005:}}Böyle
zamanlarda{{TAG:0007:0000:14000000}} en iyisi bir oyunla karar
vermektir!{{TAG:0000:0004:}}{{TAG:0003:0006:}}Sen kazanırsan
{{TAG:0007:0000:14000000}}buraya taşınırım.{{TAG:0007:0000:1E000000}}
Ama {{TAG:0007:0000:08000000}}sen kaybedersen{{TAG:0007:0000:08000000}}.{{TAG:0007:0000:08000000}}.{{TAG:0007:0000:08000000}}.{{TAG:0000:0004:}}{{TAG:0003:0024:}}senin
{{TAG:0011:0003:0000}} eşyanı özel bir hatıra diye
eve götürürüm!{{TAG:0008:0005:190000000C000000}}
Tamam!
Ben pas..."
9,010,"{{TAG:0003:0012:}}Huh? {{TAG:0007:0000:14000000}}You don't want to?{{TAG:0007:0000:1E000000}} {{TAG:0003:0009:}}I thought
it was a pretty good idea{{TAG:0007:0000:08000000}}.{{TAG:0007:0000:08000000}}.{{TAG:0007:0000:08000000}}.","{{TAG:0003:0012:}}Anda,{{TAG:0007:0000:0C000000}} ¿ahora no quieres?{{TAG:0007:0000:1E000000}}
{{TAG:0003:0009:}}Pero si era el plan del lustro{{TAG:0007:0000:08000000}}.{{TAG:0007:0000:08000000}}.{{TAG:0007:0000:08000000}}.","{{TAG:0003:0012:}}Quoi ? {{TAG:0007:0000:14000000}}Tu veux pas ?{{TAG:0007:0000:1E000000}} {{TAG:0003:0009:}}C'était
pourtant une idée géniale{{TAG:0007:0000:08000000}}.{{TAG:0007:0000:08000000}}.{{TAG:0007:0000:08000000}}.","{{TAG:0003:0012:}}Come, {{TAG:0007:0000:14000000}}non ti va?{{TAG:0007:0000:1E000000}} {{TAG:0003:0009:}}Io pensavo che
fosse un'idea troppo forte{{TAG:0007:0000:08000000}}.{{TAG:0007:0000:08000000}}.{{TAG:0007:0000:08000000}}.","{{TAG:0003:0012:}}Was? {{TAG:0007:0000:14000000}}Du willst nicht?{{TAG:0007:0000:1E000000}} {{TAG:0003:0007:}}Dabei war das
doch eine spitzenmäßige Idee!",{{TAG:0003:0012:}}Ha? {{TAG:0007:0000:14000000}}İstemiyor musun?{{TAG:0007:0000:1E000000}} {{TAG:0003:0009:}}Bence gayet iyi fikirdi{{TAG:0007:0000:08000000}}.{{TAG:0007:0000:08000000}}.{{TAG:0007:0000:08000000}}.
10,011,"{{TAG:0003:000B:}}{{TAG:0007:0000:10000000}}Hmm. {{TAG:0007:0000:14000000}}Not going for it?{{TAG:0007:0000:1E000000}} I thought it
sounded like a pretty great idea{{TAG:0007:0000:08000000}}.{{TAG:0007:0000:08000000}}.{{TAG:0007:0000:08000000}}.","{{TAG:0003:000B:}}{{TAG:0007:0000:10000000}}¿No te convence?{{TAG:0007:0000:1E000000}} Vaya,{{TAG:0007:0000:08000000}} hombre,{{TAG:0007:0000:08000000}}
y a mí que me apetecía jugar{{TAG:0007:0000:08000000}}.{{TAG:0007:0000:08000000}}.{{TAG:0007:0000:08000000}}.","{{TAG:0003:000B:}}{{TAG:0007:0000:10000000}}Hmm. {{TAG:0007:0000:14000000}}T'as pas envie ?{{TAG:0007:0000:1E000000}} C'était
pourtant la meilleure idée que j'ai
eue depuis un moment{{TAG:0007:0000:08000000}}.{{TAG:0007:0000:08000000}}.{{TAG:0007:0000:08000000}}.","{{TAG:0003:000B:}}{{TAG:0007:0000:10000000}}Mmmh, {{TAG:0007:0000:14000000}}non ci stai?{{TAG:0007:0000:1E000000}} Secondo me
era un'idea mitica{{TAG:0007:0000:08000000}}.{{TAG:0007:0000:08000000}}.{{TAG:0007:0000:08000000}}.","{{TAG:0003:000B:}}{{TAG:0007:0000:10000000}}Hmmm. {{TAG:0007:0000:14000000}}Keine gute Idee?{{TAG:0007:0000:1E000000}} {{TAG:0003:0007:}}Ich fand
die super!","{{TAG:0003:000B:}}{{TAG:0007:0000:10000000}}Hımm. {{TAG:0007:0000:14000000}}Yok mu diyorsun?{{TAG:0007:0000:1E000000}} Bence kulağa
bayağı iyi geliyordu{{TAG:0007:0000:08000000}}.{{TAG:0007:0000:08000000}}.{{TAG:0007:0000:08000000}}."
11,012,"{{TAG:0003:000F:}}Is that a no?{{TAG:0007:0000:1E000000}} {{TAG:0003:0009:}}Well, I thought it was
a pretty fun idea{{TAG:0007:0000:08000000}}.{{TAG:0007:0000:08000000}}.{{TAG:0007:0000:08000000}}.","{{TAG:0003:000F:}}¿Eso es un no?{{TAG:0007:0000:1E000000}} {{TAG:0003:0009:}}Yo no sé para qué
me molesto en tener ideas geniales
si luego vienes tú y las chafas{{TAG:0007:0000:08000000}}.{{TAG:0007:0000:08000000}}.{{TAG:0007:0000:08000000}}.","{{TAG:0003:000F:}}Comment ça, non ?{{TAG:0007:0000:1E000000}} {{TAG:0003:0009:}}Mon idée était
pourtant tellement DRÔLE{{TAG:0007:0000:08000000}}.{{TAG:0007:0000:08000000}}.{{TAG:0007:0000:08000000}}.","{{TAG:0003:000F:}}Sul serio?{{TAG:0007:0000:1E000000}} {{TAG:0003:0009:}}Secondo me
era un'ottima idea{{TAG:0007:0000:08000000}}.{{TAG:0007:0000:08000000}}.{{TAG:0007:0000:08000000}}.","{{TAG:0003:000F:}}Nein?{{TAG:0007:0000:1E000000}} {{TAG:0003:0007:}}Warum denn nicht? {{TAG:0007:0000:14000000}}Hätte
doch lustig werden können?!",{{TAG:0003:000F:}}Bu bir hayır mı?{{TAG:0007:0000:1E000000}} {{TAG:0003:0009:}}Ben eğlenceli olur sanmıştım{{TAG:0007:0000:08000000}}.{{TAG:0007:0000:08000000}}.{{TAG:0007:0000:08000000}}.
12,013,"{{TAG:0003:0026:}}Great! {{TAG:0007:0000:14000000}}That's the spirit!{{TAG:0007:0000:1E000000}}
{{TAG:0003:0006:}}Then let's play{{TAG:0007:0000:08000000}}.{{TAG:0007:0000:08000000}}.{{TAG:0007:0000:08000000}}.{{TAG:0007:0000:08000000}}
{{TAG:0000:0003:0200}}rock-paper-scissors{{TAG:0000:0003:FFFF}}!{{TAG:0007:0012:00031B001A00}}","{{TAG:0003:0026:}}¡Excelente! {{TAG:0007:0000:14000000}}¡Así me gusta!{{TAG:0007:0000:1E000000}}
{{TAG:0003:0006:}}En ese caso vamos a jugar a{{TAG:0007:0000:08000000}}.{{TAG:0007:0000:08000000}}.{{TAG:0007:0000:08000000}}.{{TAG:0007:0000:08000000}}
¡{{TAG:0000:0003:0200}}piedra, papel o tijera{{TAG:0000:0003:FFFF}}!{{TAG:0007:0012:00031B001A00}}","{{TAG:0003:0026:}}Génial. {{TAG:0007:0000:14000000}}{{TAG:0003:0006:}}Bon, tu aurais pu être plus
enthousiaste, mais passons.{{TAG:0007:0000:1E000000}} Allez,
on joue{{TAG:0007:0000:08000000}}.{{TAG:0007:0000:08000000}}.{{TAG:0007:0000:08000000}}.{{TAG:0007:0000:08000000}} à {{TAG:0000:0003:0200}}pierre-papier-ciseaux {{TAG:0000:0003:FFFF}}!{{TAG:0007:0012:00031B001A00}}","{{TAG:0003:0026:}}Grande! {{TAG:0007:0000:14000000}}Così ti voglio!{{TAG:0007:0000:1E000000}}
{{TAG:0003:0006:}}Allora giochiamo a{{TAG:0007:0000:08000000}}.{{TAG:0007:0000:08000000}}.{{TAG:0007:0000:08000000}}.{{TAG:0007:0000:08000000}} {{TAG:0000:0003:0200}}morra cinese{{TAG:0000:0003:FFFF}}!{{TAG:0007:0012:00031B001A00}}","{{TAG:0003:0023:}}Ha!{{TAG:0007:0000:14000000}} So gefällt mir das!{{TAG:0007:0000:14000000}}
{{TAG:0003:0006:}}Dann lass uns spielen!{{TAG:0007:0000:14000000}} Und zwar
{{TAG:0000:0003:0200}}Schere, Stein, Papier{{TAG:0000:0003:FFFF}}!{{TAG:0007:0012:00031B001A00}}","{{TAG:0003:0026:}}Güzel! {{TAG:0007:0000:14000000}}İşte böyle!{{TAG:0007:0000:1E000000}}
{{TAG:0003:0006:}}O zaman oynayalım{{TAG:0007:0000:08000000}}.{{TAG:0007:0000:08000000}}.{{TAG:0007:0000:08000000}}.{{TAG:0007:0000:08000000}}
{{TAG:0000:0003:0200}}taş-kâğıt-makas{{TAG:0000:0003:FFFF}}!{{TAG:0007:0012:00031B001A00}}"
13,014,"{{TAG:0003:0026:}}That's the answer I wanted to hear!{{TAG:0007:0000:1E000000}}
{{TAG:0003:0006:}}Then let's play{{TAG:0007:0000:08000000}}.{{TAG:0007:0000:08000000}}.{{TAG:0007:0000:08000000}}.{{TAG:0007:0000:08000000}}{{TAG:0000:0003:0200}}charades{{TAG:0000:0003:FFFF}}!{{TAG:0007:0012:01011B001A00}}","{{TAG:0003:0026:}}Esa es la respuesta que quería oír.{{TAG:0007:0000:1E000000}}
{{TAG:0003:0006:}}Entonces vamos a jugar{{TAG:0007:0000:08000000}}.{{TAG:0007:0000:08000000}}.{{TAG:0007:0000:08000000}}.{{TAG:0007:0000:08000000}}
¡al {{TAG:0000:0003:0200}}juego de los gestos{{TAG:0000:0003:FFFF}}!{{TAG:0007:0012:01011B001A00}}","{{TAG:0003:0026:}}Eh bah voilà, tu vois quand tu veux !{{TAG:0007:0000:1E000000}}
{{TAG:0003:0006:}}Jouons{{TAG:0007:0000:08000000}}.{{TAG:0007:0000:08000000}}.{{TAG:0007:0000:08000000}}.{{TAG:0007:0000:08000000}} au {{TAG:0000:0003:0200}}mime {{TAG:0000:0003:FFFF}}!{{TAG:0007:0012:01011B001A00}}","{{TAG:0003:0026:}}Ti stimo troppo!{{TAG:0007:0000:1E000000}} {{TAG:0003:0006:}}Allora giochiamo
al{{TAG:0007:0000:08000000}}.{{TAG:0007:0000:08000000}}.{{TAG:0007:0000:08000000}}.{{TAG:0007:0000:08000000}} {{TAG:0000:0003:0200}}gioco dei mimi{{TAG:0000:0003:FFFF}}!{{TAG:0007:0012:01011B001A00}}","{{TAG:0003:0023:}}Das wollte ich hören!{{TAG:0007:0000:1E000000}}
{{TAG:0003:0006:}}Jetzt wird's ernst, denn jetzt wird
gespielt! {{TAG:0007:0000:14000000}}Und zwar {{TAG:0000:0003:0200}}Scharade{{TAG:0000:0003:FFFF}}!{{TAG:0007:0012:01011B001A00}}","{{TAG:0003:0026:}}Duymak istediğim buydu!{{TAG:0007:0000:1E000000}}
{{TAG:0003:0006:}}O zaman oynayalım{{TAG:0007:0000:08000000}}.{{TAG:0007:0000:08000000}}.{{TAG:0007:0000:08000000}}.{{TAG:0007:0000:08000000}}{{TAG:0000:0003:0200}}sessiz sinema{{TAG:0000:0003:FFFF}}!{{TAG:0007:0012:01011B001A00}}"
14,015,"{{TAG:0003:0026:}}Good, {{TAG:0007:0000:08000000}}good!{{TAG:0007:0000:1E000000}}
{{TAG:0003:0006:}}Then let's play{{TAG:0007:0000:08000000}}.{{TAG:0007:0000:08000000}}.{{TAG:0007:0000:08000000}}.{{TAG:0007:0000:08000000}}
{{TAG:0000:0003:0200}}Made Ya Look{{TAG:0000:0003:FFFF}}!{{TAG:0007:0012:02011B001A00}}","{{TAG:0003:0026:}}Bien,{{TAG:0007:0000:08000000}} bien.{{TAG:0007:0000:1E000000}}
{{TAG:0003:0006:}}¡Comienza el {{TAG:0000:0003:0200}}juego del mirallí{{TAG:0000:0003:FFFF}}!{{TAG:0007:0012:02011B001A00}}","{{TAG:0003:0026:}}Bien, {{TAG:0007:0000:08000000}}bien !{{TAG:0007:0000:1E000000}} {{TAG:0003:0006:}}Jouons donc à{{TAG:0007:0000:08000000}}.{{TAG:0007:0000:08000000}}.{{TAG:0007:0000:08000000}}.{{TAG:0007:0000:08000000}}
{{TAG:0000:0003:0200}}regarde où je regarde {{TAG:0000:0003:FFFF}}!{{TAG:0007:0012:02011B001A00}}","{{TAG:0003:0026:}}Evvai! {{TAG:0007:0000:08000000}}Grande!{{TAG:0007:0000:1E000000}}
{{TAG:0003:0006:}}Allora giochiamo a{{TAG:0007:0000:08000000}}.{{TAG:0007:0000:08000000}}.{{TAG:0007:0000:08000000}}.{{TAG:0007:0000:08000000}} {{TAG:0000:0003:0200}}guarda là{{TAG:0000:0003:FFFF}}!{{TAG:0007:0012:02011B001A00}}","{{TAG:0003:0023:}}Gut, sehr gut!{{TAG:0007:0000:14000000}}
{{TAG:0003:0006:}}Spielen wir {{TAG:0000:0003:0200}}Guck mal da{{TAG:0000:0003:FFFF}}!{{TAG:0007:0012:02011B001A00}}","{{TAG:0003:0026:}}Güzel, {{TAG:0007:0000:08000000}}güzel!{{TAG:0007:0000:1E000000}}
{{TAG:0003:0006:}}O zaman oynayalım{{TAG:0007:0000:08000000}}.{{TAG:0007:0000:08000000}}.{{TAG:0007:0000:08000000}}.{{TAG:0007:0000:08000000}}
{{TAG:0000:0003:0200}}Seni Baktırdım{{TAG:0000:0003:FFFF}}!{{TAG:0007:0012:02011B001A00}}"
15,016,"{{TAG:0003:0002:}}GAHAHA!{{TAG:0007:0000:1E000000}} {{TAG:0003:0024:}}Sorry, but a promise is a
promise, so I'll just be taking your
{{TAG:0011:0003:0000}}!","{{TAG:0003:0002:}}¡Ja, ja, ja!{{TAG:0007:0000:1E000000}} {{TAG:0003:0024:}}Lo siento,{{TAG:0007:0000:08000000}} pero una
promesa es una promesa.{{TAG:0007:0000:1E000000}} ¡Me llevo
tu {{TAG:0011:0003:0000}}!","{{TAG:0003:0024:}}Une promesse est une promesse,
{{TAG:000E:0001:}}{{TAG:0011:0003:0000}} est à
moi. {{TAG:0003:0002:}}HA HA HA !","{{TAG:0003:0002:}}AHAHAH!{{TAG:0007:0000:1E000000}} {{TAG:0003:0024:}}Scusa, ma i patti
erano chiari! Ora mi cucco
{{TAG:000E:0008:00CD0C0069006C002000740075006F000C006C006100200074007500610002003000}} {{TAG:0011:0003:0000}}!","{{TAG:0003:0002:}}Bwa ha!{{TAG:0007:0000:1E000000}} {{TAG:0003:0021:}}Wie abgemacht nehme ich
dann {{TAG:000E:0008:00CD0600640065006E0006006400690065000600640061007300}} {{TAG:0011:0003:0000}}
mal an mich. {{TAG:0007:0000:14000000}}Sag Auf Wiedersehen!","{{TAG:0003:0002:}}GAHAHA!{{TAG:0007:0000:1E000000}} {{TAG:0003:0024:}}Kusura bakma ama söz sözdür;
{{TAG:0011:0003:0000}} eşyanı alıyorum!"
16,017,"{{TAG:0003:0002:}}GAHAHA!{{TAG:0007:0000:1E000000}} {{TAG:0003:0024:}}Sorry,{{TAG:0007:0000:08000000}} but like we agreed,{{TAG:0007:0000:14000000}}
your {{TAG:0011:0003:0000}} is mine
now! {{TAG:0003:0021:}}{{TAG:0005:0001:}} is the best!","{{TAG:0003:0002:}}¡Ja, ja, ja!{{TAG:0007:0000:1E000000}} {{TAG:0003:0024:}}Se siente,{{TAG:0007:0000:08000000}} pero un trato
es un trato,{{TAG:0007:0000:0C000000}} {{TAG:0003:0021:}}{{TAG:0005:0001:}} es la bomba{{TAG:0007:0000:0C000000}}
y tu {{TAG:0011:0003:0000}} es mí{{TAG:000E:0012:100002006F00020061000000}}.","{{TAG:0003:0002:}}HA HA HA !{{TAG:0007:0000:1E000000}} {{TAG:0003:0024:}}Désolé, {{TAG:0007:0000:08000000}}mais comme
convenu,{{TAG:0007:0000:14000000}} je rafle la mise et prends
{{TAG:000E:0001:}}{{TAG:0011:0003:0000}} !","{{TAG:0003:0002:}}AHAHAH!{{TAG:0007:0000:1E000000}} {{TAG:0003:0024:}}Scusa, {{TAG:0007:0000:08000000}}ma visto che
avevamo un accordo, ora mi prendo{{TAG:0007:0000:08000000}}
{{TAG:000E:0008:00CD0C0069006C002000740075006F000C006C006100200074007500610002003000}} {{TAG:0011:0003:0000}}!","{{TAG:0003:0021:}}Bwa ha!{{TAG:0007:0000:14000000}} Abgemacht ist abgemacht!{{TAG:0007:0000:1E000000}}
{{TAG:000E:0008:00CD0600440065006E0006004400690065000600440061007300}} {{TAG:0011:0003:0000}}, bitte!","{{TAG:0003:0002:}}GAHAHA!{{TAG:0007:0000:1E000000}} {{TAG:0003:0024:}}Kusura bakma,{{TAG:0007:0000:08000000}} ama anlaştığımız gibi{{TAG:0007:0000:14000000}}
{{TAG:0011:0003:0000}} artık benim! {{TAG:0003:0021:}}{{TAG:0005:0001:}} gibisi yok!"
17,018,"{{TAG:0003:0002:}}GAHAHA!{{TAG:0007:0000:1E000000}} {{TAG:0003:0001:}}A promise is a promise!{{TAG:0007:0000:14000000}}
I think I'll just be taking your
{{TAG:0011:0003:0000}} with me!","{{TAG:0003:0002:}}¡Ja, ja, ja!{{TAG:0007:0000:1E000000}} {{TAG:0003:0001:}}¡Pobrecit{{TAG:000E:0006:02006F0002006100}}, ya no te
puedes echar atrás!{{TAG:0007:0000:14000000}} Me quedo
con tu {{TAG:0011:0003:0000}}.","{{TAG:0003:0024:}}Une promesse est une promesse,
{{TAG:000E:0001:}}{{TAG:0011:0003:0000}} est à
moi. {{TAG:0003:0002:}}HA HA HA !","{{TAG:0003:0002:}}AHAHAH!{{TAG:0007:0000:1E000000}} {{TAG:0003:0001:}}Beh, ci eravamo messi
d'accordo, no?{{TAG:0007:0000:14000000}} Adesso sgancia
{{TAG:000E:0008:00CD0C0069006C002000740075006F000C006C006100200074007500610002003000}} {{TAG:0011:0003:0000}}!","{{TAG:0003:0002:}}Bwa ha!{{TAG:0007:0000:1E000000}} {{TAG:0003:0015:}}Es ehrt dich, dass du dich
an unsere Abmachung hältst und mir
{{TAG:000E:0008:00CD0600640065006E0006006400690065000600640061007300}} {{TAG:0011:0003:0000}} gibst!","{{TAG:0003:0002:}}GAHAHA!{{TAG:0007:0000:1E000000}} {{TAG:0003:0001:}}Söz sözdür!{{TAG:0007:0000:14000000}}
{{TAG:0011:0003:0000}} eşyanı yanıma alıyorum!"
18,019,"{{TAG:0003:0026:}}Now I have something nice to
remember this trip by!{{TAG:0007:0000:1E000000}} {{TAG:0003:0001:}}Thanks
a whole bunch,{{TAG:0007:0000:14000000}} {{TAG:0005:0007:}}!","{{TAG:0003:0026:}}¡Qué buen recuerdo de este viaje!{{TAG:0007:0000:1E000000}}
{{TAG:0003:0001:}}Gracias,{{TAG:0007:0000:0C000000}} {{TAG:0005:0007:}}.","{{TAG:0003:0026:}}Eh bien voilà, je repartirai avec un
joli souvenir.{{TAG:0007:0000:1E000000}} {{TAG:0003:0001:}}Merci bien,{{TAG:0007:0000:14000000}}
{{TAG:0005:0007:}} !","{{TAG:0003:0026:}}Ora ho un ricordino davvero niente
male da questo viaggio!{{TAG:0007:0000:1E000000}} {{TAG:0003:0001:}}Grazie
infinite,{{TAG:0007:0000:14000000}} {{TAG:0005:0007:}}!","{{TAG:0003:0015:}}Jetzt habe ich was, was mich immer
an diesen Ausflug erinnern wird!{{TAG:0007:0000:1E000000}}
War nett,{{TAG:0007:0000:14000000}} {{TAG:0005:0007:}}!","{{TAG:0003:0026:}}Artık bu geziyi hatırlatacak güzel
bir şeyim var!{{TAG:0007:0000:1E000000}} {{TAG:0003:0001:}}Çok sağ ol,{{TAG:0007:0000:14000000}} {{TAG:0005:0007:}}!"
19,020,"{{TAG:0003:0001:}}Whenever I look at it,{{TAG:0007:0000:08000000}} I'll think
about this town!{{TAG:0007:0000:1E000000}} {{TAG:0003:0023:}}And, of course,{{TAG:0007:0000:08000000}}
I'll think about you too!","{{TAG:0003:0001:}}Mientras tenga esto,{{TAG:0007:0000:08000000}} ya nunca
podré olvidar este pueblo.{{TAG:0007:0000:1E000000}}
{{TAG:0003:0023:}}¡Ni a ti,{{TAG:0007:0000:08000000}} obviamente!","{{TAG:0003:0001:}}Ça me fera un souvenir de cette
ville...{{TAG:0007:0000:1E000000}} {{TAG:0003:0023:}}Et de toi,{{TAG:0007:0000:08000000}} bien sûr !","{{TAG:0003:0001:}}Ogni volta che guarderò questo
souvenir,{{TAG:0007:0000:08000000}} penserò a questa città!{{TAG:0007:0000:1E000000}}
{{TAG:0003:0023:}}Oh! E anche a te,{{TAG:0007:0000:08000000}} chiaro! {{TAG:0007:0000:08000000}}{{TAG:0003:0002:}}AHAHAH!{{TAG:0003:0001:}}","{{TAG:0003:0023:}}Dieses Souvenir wird mich immer an
diese Stadt erinnern! {{TAG:0007:0000:14000000}}Und an dich!{{TAG:0007:0000:14000000}}
{{TAG:0003:0002:}}Und daran, dass ich gewonnen habe!","{{TAG:0003:0001:}}Buna her baktığımda{{TAG:0007:0000:08000000}} bu kasabayı
düşüneceğim!{{TAG:0007:0000:1E000000}} {{TAG:0003:0023:}}Tabii ki{{TAG:0007:0000:08000000}} seni de düşüneceğim!"
20,021,"{{TAG:0003:0026:}}This will be such a great way to
remember my trip to {{TAG:0005:0005:}}!{{TAG:0007:0000:1E000000}}
{{TAG:0003:0001:}}Thanks,{{TAG:0007:0000:08000000}} {{TAG:0005:0007:}}!","{{TAG:0003:0026:}}Así siempre tendré un bonito
recuerdo de mi visita a {{TAG:000E:0003:}}{{TAG:0005:0005:}}.{{TAG:0007:0000:1E000000}}
{{TAG:0003:0001:}}¡Gracias,{{TAG:0007:0000:08000000}} {{TAG:0005:0007:}}!","{{TAG:0003:0026:}}Ce sera une belle manière de me
rappeler mon voyage à
{{TAG:0005:0005:}}.{{TAG:0007:0000:1E000000}} {{TAG:0003:0001:}}Merci,{{TAG:0007:0000:08000000}} {{TAG:0005:0007:}} !","{{TAG:0003:0026:}}Ah, questo ricordino di {{TAG:0005:0005:}}
lo metterò accanto a tutti i miei
piattini, bicchierini, portachiavi...{{TAG:0007:0000:1E000000}}
{{TAG:0003:0001:}}Grazie,{{TAG:0007:0000:08000000}} {{TAG:0005:0007:}}!","{{TAG:0003:0023:}}So werde ich {{TAG:0005:0005:}} in
ungewohnt angenehmer Erinnerung
behalten,{{TAG:0007:0000:14000000}} {{TAG:0005:0007:}}!","{{TAG:0003:0026:}}Bu, {{TAG:0005:0005:}} gezimi hatırlamak
için harika olacak!{{TAG:0007:0000:1E000000}}
{{TAG:0003:0001:}}Sağ ol,{{TAG:0007:0000:08000000}} {{TAG:0005:0007:}}!"
21,022,"{{TAG:0003:0001:}}All right.{{TAG:0007:0000:08000000}} As I promised,{{TAG:0007:0000:14000000}} I'll move to
{{TAG:0005:0005:}}!{{TAG:0000:0004:}}{{TAG:0003:0005:}}Heh! I'm getting kind of excited!","{{TAG:0003:0001:}}Lo prometido es deuda.{{TAG:0007:0000:14000000}}
¡Me mudo a {{TAG:000E:0003:}}{{TAG:0005:0005:}}!{{TAG:0000:0004:}}{{TAG:0003:0026:}}¡Qué emoción!","{{TAG:0003:0001:}}OK,{{TAG:0007:0000:08000000}} comme promis,{{TAG:0007:0000:14000000}} je vais
m'installer à {{TAG:0005:0005:}}.{{TAG:0000:0004:}}{{TAG:0003:0005:}}Je suis presque un peu heureux.","{{TAG:0003:0001:}}OK.{{TAG:0007:0000:08000000}} Come promesso,{{TAG:0007:0000:14000000}} mi trasferirò
{{TAG:000E:0010:}} {{TAG:0005:0005:}}!{{TAG:0000:0004:}}{{TAG:0003:0005:}}Ora mi agito sul serio!","{{TAG:0003:0015:}}Dann werde ich zu meinem Wort
stehen und nach {{TAG:0005:0005:}} ziehen!{{TAG:0000:0004:}}{{TAG:0003:0021:}}Mal sehen, wer zuletzt lacht...","{{TAG:0003:0001:}}Pekâlâ.{{TAG:0007:0000:08000000}} Söz verdiğim gibi{{TAG:0007:0000:14000000}}
{{TAG:0005:0005:}} kasabasına taşınacağım!{{TAG:0000:0004:}}{{TAG:0003:0005:}}Heh!
Biraz heyecanlandım!"
22,023,"{{TAG:0003:0024:}}Well then,{{TAG:0007:0000:08000000}} as promised,{{TAG:0007:0000:14000000}} I'll move
here right away!{{TAG:0000:0004:}}{{TAG:0003:0005:}}When I get home,{{TAG:0007:0000:08000000}} I'll have to start
packing!{{TAG:0007:0000:1E000000}} I'm looking forward to the
adventure,{{TAG:0007:0000:14000000}} {{TAG:0005:0007:}}!","{{TAG:0003:0024:}}Pues no se hable más,{{TAG:0007:0000:08000000}} hoy mismo
empezaré a organizar la mudanza.{{TAG:0007:0000:14000000}}
{{TAG:0003:0026:}}¡Qué aventura!
Y la aventura comienza{{TAG:0007:0000:08000000}}.{{TAG:0007:0000:08000000}}.{{TAG:0007:0000:08000000}}.{{TAG:0007:0000:08000000}} haciendo
la maleta.{{TAG:0007:0000:1E000000}} {{TAG:0003:0024:}}Qué bajón,{{TAG:0007:0000:08000000}} {{TAG:0005:0007:}}.","{{TAG:0003:0024:}}D'accord,{{TAG:0007:0000:08000000}} comme promis,{{TAG:0007:0000:14000000}} je vais
venir emménager ici tout de suite.{{TAG:0000:0004:}}{{TAG:0003:0005:}}Je vais commencer à faire mes
cartons en rentrant chez moi.{{TAG:0007:0000:1E000000}} C'est
beau l'aventure,{{TAG:0007:0000:14000000}} {{TAG:0005:0007:}} !","{{TAG:0003:0024:}}Beh,{{TAG:0007:0000:08000000}} come promesso,{{TAG:0007:0000:14000000}} mi trasferirò
qui subitissimo!{{TAG:0000:0004:}}{{TAG:0003:0005:}}Appena arrivo a casa{{TAG:0007:0000:08000000}} mi metto
a fare gli scatoloni!{{TAG:0007:0000:1E000000}} Non vedo l'ora,{{TAG:0007:0000:14000000}}
{{TAG:0005:0007:}}!","{{TAG:0003:0015:}}Dann packe ich mal meinen Kram
und ziehe hierher!{{TAG:0000:0004:}}{{TAG:0003:001C:}}Bereitet euch schon mal mental auf
mich vor!{{TAG:0007:0000:14000000}} Das wird sicher lustig,
{{TAG:0007:0000:14000000}}{{TAG:0005:0007:}}!","{{TAG:0003:0024:}}O zaman,{{TAG:0007:0000:08000000}} söz verdiğim gibi{{TAG:0007:0000:14000000}} hemen buraya
taşınacağım!{{TAG:0000:0004:}}{{TAG:0003:0005:}}Eve dönünce{{TAG:0007:0000:08000000}} eşyaları
toplamaya başlamam gerek!{{TAG:0007:0000:1E000000}} Macerayı dört
gözle bekliyorum,{{TAG:0007:0000:14000000}} {{TAG:0005:0007:}}!"
23,024,"{{TAG:0003:0026:}}Well,{{TAG:0007:0000:08000000}} that settles it then!{{TAG:0007:0000:1E000000}} {{TAG:0003:0001:}}Once I
break camp,{{TAG:0007:0000:14000000}} I'll be going home to
pack for my move to {{TAG:0005:0005:}}!","{{TAG:0003:0026:}}¡Dicho y hecho!{{TAG:0007:0000:1E000000}} {{TAG:0003:0001:}}En cuanto llegue
a casa,{{TAG:0007:0000:08000000}} empiezo a meter mis cosas
en cajas.
Próxima estación:{{TAG:0007:0000:14000000}} ¡{{TAG:000E:0003:}}{{TAG:0005:0005:}}!","{{TAG:0003:0026:}}Eh bien,{{TAG:0007:0000:08000000}} c'est décidé.{{TAG:0007:0000:1E000000}} {{TAG:0003:0001:}}Je remballe
ma tente et je vais à {{TAG:0005:0005:}}.
{{TAG:0003:0009:}}Génial...","{{TAG:0003:0026:}}Beh,{{TAG:0007:0000:08000000}} allora il caso è chiuso!{{TAG:0007:0000:1E000000}} {{TAG:0003:0001:}}Appena
finisco di campeggiare,{{TAG:0007:0000:14000000}} torno a casa
e faccio le valigie per {{TAG:0005:0005:}}!","{{TAG:0003:0015:}}Dann ist es entschieden!{{TAG:0007:0000:14000000}} Wenn ich
wieder zu Hause bin, pack ich mein
Zeug und ziehe nach {{TAG:0005:0005:}}!","{{TAG:0003:0026:}}O zaman{{TAG:0007:0000:08000000}} iş kesinleşti!{{TAG:0007:0000:1E000000}} {{TAG:0003:0001:}}Kampı toplar
toplamaz{{TAG:0007:0000:14000000}} eve dönüp
{{TAG:0005:0005:}} kasabasına taşınmak
için bavulu hazırlayacağım!"
24,025,{{TAG:0009:0001:0D000E000F00}},{{TAG:0009:0001:0D000E000F00}},{{TAG:0009:0001:0D000E000F00}},{{TAG:0009:0001:0D000E000F00}},{{TAG:0009:0001:0D000E000F00}},{{TAG:0009:0001:0D000E000F00}}
25,026,{{TAG:0009:0001:100011001200}},{{TAG:0009:0001:100011001200}},{{TAG:0009:0001:100011001200}},{{TAG:0009:0001:100011001200}},{{TAG:0009:0001:100011001200}},{{TAG:0009:0001:100011001200}}
26,027,{{TAG:0009:0001:160017001800}},{{TAG:0009:0001:160017001800}},{{TAG:0009:0001:160017001800}},{{TAG:0009:0001:160017001800}},{{TAG:0009:0001:160017001800}},{{TAG:0009:0001:160017001800}}
27,028,{{TAG:0009:0000:0D000E00}},{{TAG:0009:0000:0D000E00}},{{TAG:0009:0000:0D000E00}},{{TAG:0009:0000:0D000E00}},{{TAG:0009:0000:0D000E00}},{{TAG:0009:0000:0D000E00}}
