0	cd86bfd9b26549cd756ce27e1f9d52a675f88309	(203, 1, 211, 9)
1	1bf050bad7eb3b0838def6886112143757888026	(213, 1, 221, 9)
2	2d25d8d54f857a6d635721644d1ade7b5f9d3f9b	(203, 11, 211, 19)
3	b3a862da60bfd2ece03ae3df31408d81a07c2dc5	(203, 21, 211, 29)
4	cd041e630fba5e6f4fb6fd0374d919f5535e4ca4	(203, 31, 211, 39)
5	5d36dccb04f1f91c93eeb3fffd1ed06a67e513fa	(203, 41, 211, 49)
6	9be536ecd0f6009170858d3394e8af9bf5238565	(203, 51, 211, 59)
7	b0fe3c4f3800ad63e95b3741f8579445b7fceb7f	(203, 61, 211, 69)
8	58cf3793312287013eed1c7521ae2abf37c6f9a0	(203, 71, 211, 79)
9	ba58e9e8abc34756debb76426f78ea365af8b41b	(203, 81, 211, 89)
10	58bb95f9fd3db0a773447f7b29825c7e1de52d2c	(203, 91, 211, 99)
11	7573dc6610c781ca28fa8d8b5fe9865e14b61b6d	(203, 101, 211, 109)
12	c15196165d3dc560290d0556813cf72022e25aa7	(203, 111, 211, 119)
13	e8d727ef3bf72368da94a2ee5575c36a7baa4a4d	(223, 1, 231, 9)
14	4f017889654a6961c3d8a2a3b644e8eaa22a1f8b	(213, 11, 221, 19)
15	83b1439b2cb8799549712e2e0172d097a4692826	(213, 21, 221, 29)
16	bfc93f5c9c794b13c7eafdf0ae2e5ae7d6ac841b	(213, 31, 221, 39)
17	1a0cf4312d604719be3392840aeb6ea9242fd67d	(213, 41, 221, 49)
18	90fc13e149bb06c984ff1ad07afb78745d21af73	(213, 51, 221, 59)
19	3dd2ee283ef63bd9d996586d2d0bef276b3cfdc2	(213, 61, 221, 69)
20	8b79be0a9c8cc8ba312d4c178c44cc53da43e685	(213, 71, 221, 79)
21	f640e3bafed72df17a54b257a845754ca617e3ce	(213, 81, 221, 89)
22	134eedfdd5538656d588f0cb3287c8f31bc88946	(213, 91, 221, 99)
23	10cb6c05a8626038b6bf77b842f2ac99b90ff93e	(213, 101, 221, 109)
24	b5ed3b8f8040cbcfddb507ae1395d220a2e1974d	(213, 111, 221, 119)
25	5f49348aed9de6fcc32ecd680d257c3a509cdff0	(233, 1, 241, 9)
26	3e480524c524a832f01e0709b642070660670477	(223, 11, 231, 19)
27	69ab9d24b7c1e792b25aa3decac2744bd7b18ab3	(223, 21, 231, 29)
28	3242c012205efd2faf9b6ab80a7c2a0c484ad017	(223, 31, 231, 39)
29	3139dbff890f98e9ef3c50826a7ca3333bcfbe9b	(223, 41, 231, 49)
30	95cfc60e2133a9fafe053fee5ff8a064041b36cd	(223, 51, 231, 59)
31	87ae5c91da26835a65d16334b8b459fcf3185c0c	(223, 61, 231, 69)
32	452f7e44cda0b1915e8b715045ee623f7abf3105	(223, 71, 231, 79)
33	131e8b13c2887a56547219fea7c6682720de1a8f	(223, 81, 231, 89)
34	2335d9f5816fa28af0e5618dbfa98f6ccfa2cff0	(223, 91, 231, 99)
